  Frame #         RMSD         rGyr      intraHB        MolSA         SASA          PSA
        0        0.000        5.734            0      380.329      144.701      191.527
        1        0.812        5.620            0      376.659      159.692      184.227
        2        0.780        5.628            0      376.882      145.596      182.994
        3        0.617        5.626            0      377.069      126.860      185.954
        4        1.017        5.742            0      382.312      173.658      192.467
        5        0.933        5.761            0      380.328      146.725      189.595
        6        0.762        5.679            0      380.179      129.592      186.948
        7        0.873        5.564            0      375.910      131.304      189.630
        8        0.707        5.757            0      383.350      148.695      191.439
        9        0.908        5.585            0      375.124      130.448      186.275
       10        1.031        5.569            0      374.797      153.656      180.225
       11        0.813        5.650            0      377.761      158.007      180.038
       12        1.064        5.760            0      376.120      152.837      185.501
       13        0.706        5.692            0      376.704      191.854      181.615
       14        1.039        5.874            0      381.233      184.232      186.240
       15        1.267        5.702            0      380.681      134.202      184.451
       16        1.117        5.768            0      375.742      157.762      184.517
       17        1.351        5.817            0      379.433      178.122      182.947
       18        1.167        5.687            0      377.372      156.709      183.409
       19        0.807        5.827            0      381.352      155.948      186.739
       20        1.371        5.808            0      379.062      153.602      185.337
       21        0.666        5.744            0      377.172      164.245      185.573
       22        1.058        5.765            0      375.618      180.309      181.066
       23        1.265        5.787            0      376.213      159.488      178.738
       24        1.021        5.745            0      376.424      168.592      182.124
       25        0.773        5.747            0      377.485      163.525      184.522
       26        0.826        5.645            0      374.579      161.690      174.674
       27        0.736        5.773            0      378.522      186.554      185.087
       28        1.372        5.745            0      377.653      176.634      181.647
       29        1.128        5.699            0      377.508      163.725      187.198
       30        1.097        5.667            0      375.608      161.956      181.274
       31        1.233        5.664            0      374.622      167.980      178.107
       32        0.690        5.594            0      374.782      163.654      176.014
       33        1.348        5.814            0      375.497      161.239      178.239
       34        1.350        5.796            0      379.828      160.691      184.023
       35        1.313        5.632            0      375.213      161.780      179.970
       36        0.777        5.699            0      378.529      158.911      182.439
       37        0.670        5.730            0      377.204      150.196      179.764
       38        0.615        5.707            0      378.254      179.669      182.596
       39        0.748        5.612            0      375.481      149.255      177.482
       40        0.684        5.573            0      374.878      139.906      177.435
       41        0.820        5.745            0      375.132      165.510      185.543
       42        1.319        5.834            0      378.046      160.993      183.699
       43        1.134        5.697            0      376.886      183.149      179.207
       44        1.073        5.725            0      381.240      181.126      185.240
       45        1.294        5.682            0      375.172      192.173      177.117
       46        1.063        5.604            0      373.800      180.419      174.208
       47        1.085        5.716            0      378.693      195.076      192.177
       48        1.081        5.892            0      382.859      217.030      191.743
       49        0.877        5.680            0      379.566      186.084      196.565
       50        0.873        5.601            0      380.887      166.772      190.624
       51        0.724        5.609            0      378.036      165.034      191.663
       52        0.859        5.615            0      382.274      174.305      192.343
       53        0.748        5.857            0      377.626      183.085      186.292
       54        0.682        5.644            0      377.138      164.770      188.572
       55        0.816        5.658            0      378.693      189.946      191.176
       56        0.933        5.603            0      375.547      173.088      178.505
       57        1.102        5.805            0      379.046      200.521      184.658
       58        0.852        5.630            0      380.870      145.120      190.837
       59        1.511        5.694            0      379.887      140.520      188.254
       60        1.759        5.588            0      377.082      133.988      185.237
       61        1.583        5.465            0      373.941      127.608      184.968
       62        1.691        5.664            0      379.899      137.032      192.017
       63        1.712        5.446            0      374.282      146.903      170.499
       64        1.807        5.631            0      377.527      157.874      180.344
       65        1.595        5.396            0      375.678      164.194      179.938
       66        1.676        5.602            0      375.281      137.564      182.681
       67        0.816        5.609            0      378.870      144.848      187.652
       68        0.958        5.746            0      373.620      163.399      174.506
       69        0.889        5.616            0      372.393      151.986      172.552
       70        1.057        5.747            0      377.818      143.331      180.139
       71        1.144        5.786            0      375.671      197.475      185.633
       72        1.483        5.798            0      379.733      180.719      184.200
       73        1.595        5.743            0      377.694      193.198      182.351
       74        1.860        5.423            0      375.071      189.538      166.710
       75        1.368        5.536            0      372.720      177.000      180.116
       76        1.512        5.634            0      377.935      175.524      183.294
       77        1.094        5.801            0      378.164      179.210      180.646
       78        1.201        5.722            0      375.183      167.648      181.028
       79        0.891        5.782            0      377.133      173.465      182.904
       80        1.314        5.733            0      377.069      181.753      183.919
       81        1.182        5.795            0      377.663      156.440      183.017
       82        1.196        5.797            0      376.969      168.364      177.572
       83        1.226        5.750            0      379.663      142.331      180.190
       84        0.992        5.625            0      375.323      181.093      185.452
       85        1.246        5.784            0      380.419      161.482      181.990
       86        1.327        5.753            0      380.264      162.299      182.181
       87        0.624        5.634            0      375.438      191.140      178.403
       88        0.797        5.515            0      374.170      144.449      170.683
       89        1.125        5.751            0      376.691      185.655      183.515
       90        0.676        5.651            0      373.423      183.108      175.632
       91        0.917        5.712            0      375.674      192.600      179.031
       92        0.823        5.576            0      374.079      200.634      174.495
       93        0.884        5.516            0      373.111      211.685      178.286
       94        0.725        5.589            0      377.597      209.045      190.332
       95        1.898        5.658            0      375.702      201.503      176.276
       96        1.847        5.757            0      377.712      190.586      185.937
       97        1.987        5.517            0      371.192      170.820      172.274
       98        1.305        5.747            0      375.951      222.573      178.346
       99        0.867        5.552            0      373.725      180.601      174.134
      100        0.830        5.657            0      377.622      197.412      180.799
      101        0.864        5.516            0      373.245      201.667      174.745
      102        0.752        5.663            0      381.393      197.643      191.292
      103        0.616        5.619            0      374.381      225.157      177.468
      104        1.443        5.813            0      379.070      213.128      185.918
      105        0.940        5.630            0      373.924      200.496      179.924
      106        0.795        5.580            0      372.770      201.555      174.954
      107        1.061        5.528            0      375.874      186.494      179.140
      108        1.491        5.725            0      380.441      188.422      189.633
      109        0.908        5.743            0      376.599      209.002      180.911
      110        1.044        5.752            0      375.366      182.279      178.979
      111        0.751        5.586            0      377.880      204.269      184.181
      112        0.931        5.737            0      373.967      197.030      174.220
      113        0.986        5.577            0      376.188      213.695      177.236
      114        0.943        5.524            0      371.651      205.650      176.701
      115        0.975        5.791            0      376.909      212.981      181.826
      116        0.848        5.802            0      377.467      226.922      183.202
      117        0.933        5.662            0      374.008      210.239      178.061
      118        1.506        5.604            0      371.583      205.289      177.144
      119        1.291        5.900            0      380.513      214.426      187.307
      120        1.041        5.570            0      372.205      207.777      171.559
      121        1.025        5.802            0      379.419      243.458      185.434
      122        1.892        5.773            0      377.771      157.985      176.019
      123        1.947        5.712            0      374.066      159.543      173.908
      124        1.982        5.712            0      375.130      188.249      179.154
      125        1.922        5.685            0      372.627      185.601      174.719
      126        1.946        5.624            0      379.084      188.756      185.548
      127        1.885        5.792            0      377.693      198.797      183.059
      128        2.017        5.616            0      372.529      200.506      176.971
      129        1.932        5.745            0      375.615      202.354      178.164
      130        1.999        5.716            0      378.044      202.574      182.963
      131        1.920        5.736            0      375.732      218.268      176.852
      132        1.942        5.703            0      379.022      193.986      182.859
      133        1.367        5.724            0      380.062      225.546      186.988
      134        1.263        5.716            0      375.768      215.815      175.440
      135        1.347        5.673            0      375.933      205.554      177.743
      136        1.254        5.586            0      374.861      205.365      176.448
      137        1.082        5.788            0      378.989      217.241      182.670
      138        0.882        5.838            0      379.566      236.109      190.527
      139        1.322        5.580            0      370.356      239.908      172.615
      140        0.981        5.726            0      375.397      269.627      177.086
      141        1.692        5.495            0      375.006      230.785      173.682
      142        1.674        5.652            0      379.475      197.526      182.293
      143        1.707        5.741            0      379.569      189.429      183.982
      144        1.912        5.647            0      375.676      200.470      173.670
      145        1.782        5.809            0      379.708      185.093      181.129
      146        1.704        5.623            0      376.359      187.448      178.918
      147        1.777        5.683            0      375.694      181.209      181.294
      148        1.188        5.752            0      380.542      201.917      180.552
      149        1.688        5.781            0      378.048      169.369      180.860
      150        1.271        5.494            0      372.488      170.188      170.438
      151        1.639        5.574            0      376.617      203.081      180.983
      152        1.642        5.717            0      381.752      213.553      187.703
      153        1.660        5.715            0      383.801      225.770      189.301
      154        1.675        5.534            0      376.574      182.313      183.415
      155        1.658        5.689            0      375.538      187.497      181.496
      156        1.791        5.563            0      373.280      188.248      185.756
      157        1.649        5.654            0      376.582      163.870      185.101
      158        1.727        5.691            0      377.415      184.014      183.404
      159        1.818        5.548            0      374.176      177.531      176.898
      160        1.723        5.617            0      377.798      184.754      184.848
      161        1.691        5.513            0      377.099      188.295      183.272
      162        1.786        5.620            0      375.618      182.551      171.318
      163        1.720        5.569            0      377.222      186.320      183.028
      164        1.846        5.662            0      380.171      189.225      183.994
      165        1.488        5.580            0      379.954      157.409      192.223
      166        1.783        5.571            0      375.295      175.361      178.133
      167        1.151        5.620            0      381.000      176.936      187.877
      168        1.379        5.599            0      372.593      212.057      172.645
      169        1.110        5.667            0      374.097      210.039      173.282
      170        1.294        5.576            0      373.722      205.362      176.751
      171        0.980        5.646            0      382.576      204.952      189.051
      172        1.264        5.804            0      377.128      195.407      173.544
      173        1.240        5.635            0      379.763      159.468      184.402
      174        1.063        5.783            0      382.542      212.359      185.182
      175        1.158        5.640            0      376.130      175.819      173.260
      176        1.199        5.702            0      382.686      162.229      186.819
      177        1.105        5.432            0      372.970      176.064      179.106
      178        1.159        5.553            0      377.695      181.366      179.578
      179        1.400        5.388            0      372.054      157.938      183.843
      180        1.675        5.735            0      379.559      198.139      184.337
      181        1.483        5.739            0      379.468      186.847      187.734
      182        1.282        5.674            0      379.478      144.043      182.516
      183        1.268        5.660            0      382.217      161.019      191.473
      184        1.354        5.644            0      378.958      180.563      189.567
      185        1.762        5.680            0      381.708      198.483      187.081
      186        1.616        5.651            0      379.332      192.206      187.110
      187        1.634        5.660            0      378.739      167.980      184.759
      188        1.724        5.762            0      378.606      186.054      186.930
      189        1.717        5.644            0      380.849      202.910      186.264
      190        1.217        5.748            0      379.805      134.598      185.006
      191        1.222        5.722            0      381.469      140.924      191.172
      192        1.198        5.646            0      378.990      144.990      186.797
      193        1.782        5.672            0      380.605      203.771      188.236
      194        1.810        5.626            0      379.293      183.212      186.340
      195        1.494        5.497            0      376.233      174.063      183.697
      196        1.247        5.752            0      380.152      176.444      185.664
      197        1.822        5.676            0      376.725      190.478      183.613
      198        1.620        5.705            0      377.382      191.552      186.202
      199        1.291        5.679            0      379.764      170.395      186.548
      200        1.364        5.415            0      376.466      166.221      180.617
      201        1.279        5.549            0      377.122      176.807      184.540
      202        1.206        5.684            0      381.600      155.055      193.152
      203        1.203        5.695            0      380.317      147.070      191.454
      204        1.225        5.512            0      377.183      149.517      186.085
      205        1.333        5.620            0      381.884      140.967      190.366
      206        1.155        5.603            0      376.577      158.383      184.070
      207        1.258        5.735            0      384.034      159.458      193.569
      208        1.209        5.427            0      377.718      172.701      189.110
      209        1.504        5.440            0      375.795      187.232      184.139
      210        1.122        5.757            0      380.290      183.962      183.059
      211        1.328        5.675            0      378.280      219.404      185.576
      212        1.831        5.828            0      380.051      254.577      187.247
      213        1.346        5.676            0      380.830      208.241      189.499
      214        1.405        5.615            0      378.328      175.630      188.908
      215        1.844        5.618            0      380.141      151.891      193.481
      216        1.521        5.601            0      377.961      157.811      190.898
      217        1.764        5.676            0      380.685      166.177      192.283
      218        2.117        5.704            0      383.586      251.814      188.633
      219        1.987        5.748            0      381.942      259.698      191.938
      220        1.297        5.584            0      378.427      167.636      184.822
      221        1.296        5.546            0      376.663      155.705      185.720
      222        1.905        5.753            0      377.209      255.397      181.416
      223        1.175        5.659            0      381.030      154.731      191.657
      224        1.307        5.741            0      381.773      151.850      184.644
      225        1.223        5.513            0      377.076      174.991      185.752
      226        1.341        5.569            0      375.581      193.836      185.326
      227        1.238        5.458            0      375.051      162.723      186.065
      228        1.391        5.535            0      374.502      162.508      186.815
      229        1.244        5.553            0      377.759      156.970      184.889
      230        1.158        5.708            0      381.408      168.168      191.092
      231        1.296        5.729            0      380.806      188.338      188.281
      232        1.350        5.487            0      372.693      166.340      186.051
      233        1.224        5.549            0      374.929      162.519      185.482
      234        1.345        5.589            0      375.978      193.661      185.182
      235        1.266        5.705            0      380.993      170.803      185.782
      236        1.195        5.592            0      378.089      157.008      187.314
      237        1.308        5.653            0      382.671      160.427      189.836
      238        1.424        5.468            0      378.810      172.880      184.365
      239        1.384        5.564            0      376.794      140.739      185.604
      240        1.391        5.792            0      381.084      216.987      193.251
      241        1.333        5.649            0      380.000      158.577      187.665
      242        1.841        5.645            0      375.875      164.668      176.750
      243        1.157        5.739            0      378.948      156.460      178.491
      244        1.661        5.796            0      380.834      219.720      186.086
      245        1.632        5.534            0      378.267      179.522      190.618
      246        1.316        5.569            0      377.103      136.905      185.869
      247        1.284        5.611            0      377.405      165.687      189.438
      248        1.368        5.567            0      380.107      187.160      184.121
      249        1.157        5.887            0      381.312      214.970      191.147
      250        1.096        5.826            0      379.274      194.986      190.309
      251        1.144        5.539            0      377.868      168.461      188.292
      252        1.312        5.556            0      375.764      182.558      189.791
      253        1.377        5.527            0      377.761      158.546      190.740
      254        1.284        5.650            0      378.335      175.156      182.281
      255        1.164        5.658            0      380.929      168.662      189.406
      256        1.290        5.620            0      379.597      169.737      186.278
      257        1.232        5.467            0      375.629      158.164      188.931
      258        1.315        5.504            0      376.924      162.546      184.321
      259        1.396        5.741            0      381.398      196.544      188.624
      260        1.129        5.452            0      378.608      150.316      187.745
      261        0.966        5.550            0      377.270      202.138      186.104
      262        1.250        5.643            0      379.557      164.761      183.826
      263        1.303        5.670            0      377.672      208.239      180.987
      264        1.216        5.580            0      377.607      204.283      178.617
      265        1.262        5.718            0      377.487      230.970      178.777
      266        1.158        5.700            0      380.291      217.705      180.631
      267        1.566        5.676            0      380.698      219.032      186.911
      268        1.737        5.767            0      379.339      219.753      190.712
      269        2.094        5.749            0      377.616      221.879      186.756
      270        1.442        5.710            0      379.296      179.312      190.073
      271        1.825        5.566            0      375.349      168.144      185.727
      272        1.473        5.599            0      381.178      165.985      187.076
      273        1.828        5.584            0      377.262      148.155      191.704
      274        1.459        5.712            0      382.342      166.845      189.307
      275        1.546        5.576            0      381.453      156.945      189.539
      276        1.769        5.599            0      378.447      159.689      190.916
      277        2.028        5.774            0      379.875      191.814      184.381
      278        1.937        5.715            0      380.542      175.333      190.514
      279        1.815        5.723            0      380.278      196.246      190.116
      280        2.071        5.621            0      374.923      214.877      184.040
      281        1.444        5.698            0      378.779      193.379      188.822
      282        1.632        5.553            0      378.441      198.804      188.984
      283        1.442        5.553            0      378.904      174.544      188.203
      284        1.485        5.594            0      376.757      163.843      191.351
      285        1.771        5.674            0      382.991      165.477      189.743
      286        1.718        5.613            0      379.960      161.752      187.710
      287        1.706        5.599            0      380.629      154.967      189.347
      288        1.864        5.770            0      380.121      176.747      188.790
      289        1.907        5.624            0      381.742      167.440      189.239
      290        1.645        5.675            0      377.214      161.470      185.396
      291        1.651        5.619            0      378.082      162.060      188.075
      292        1.803        5.739            0      378.183      149.162      190.714
      293        1.809        5.528            0      380.226      141.668      188.989
      294        1.834        5.616            0      380.377      151.575      189.505
      295        1.937        5.420            0      377.297      139.450      185.859
      296        1.771        5.353            0      373.725      186.911      176.275
      297        1.401        5.638            0      376.771      200.138      181.503
      298        1.433        5.691            0      379.825      138.898      192.828
      299        1.356        5.591            0      377.171      166.975      188.609
      300        1.406        5.684            0      379.127      131.365      190.846
      301        1.588        5.640            0      376.577      191.314      181.749
      302        1.233        5.732            0      375.622      182.403      186.984
      303        1.043        5.611            0      377.996      180.139      191.126
      304        1.281        5.658            0      378.075      178.154      185.327
      305        0.963        5.716            0      381.380      156.147      187.417
      306        0.932        5.666            0      381.823      221.814      191.300
      307        1.098        5.556            0      377.511      170.870      188.809
      308        1.031        5.587            0      379.877      200.612      191.226
      309        1.050        5.535            0      379.483      212.721      191.481
      310        1.143        5.480            0      377.004      154.829      190.630
      311        1.178        5.349            0      376.349      174.110      190.156
      312        1.067        5.573            0      380.180      137.696      183.066
      313        1.079        5.638            0      378.696      143.718      190.577
      314        1.042        5.684            0      380.167      167.291      188.286
      315        0.985        5.723            0      378.849      170.509      192.164
      316        1.048        5.738            0      380.587      164.985      185.746
      317        1.199        5.554            0      373.691      183.989      185.524
      318        0.940        5.624            0      381.810      167.285      191.068
      319        0.949        5.815            0      380.546      179.810      188.437
      320        1.038        5.684            0      380.012      167.549      186.325
      321        1.027        5.694            0      379.077      189.724      185.520
      322        0.962        5.707            0      379.559      180.983      190.541
      323        1.031        5.665            0      379.787      160.200      186.278
      324        1.061        5.741            0      381.861      185.336      189.368
      325        1.122        5.629            0      378.683      149.429      188.532
      326        1.093        5.730            0      381.633      164.125      189.626
      327        1.010        5.680            0      381.769      184.891      186.853
      328        1.218        5.831            0      382.180      233.951      189.689
      329        1.317        5.725            0      380.431      225.393      192.102
      330        1.299        5.594            0      376.031      201.827      173.721
      331        1.241        5.701            0      377.215      226.003      179.649
      332        1.490        5.873            0      380.160      244.118      181.910
      333        1.253        5.709            0      374.190      248.869      178.196
      334        1.833        5.772            0      380.449      230.907      183.004
      335        2.120        5.249            0      370.601      168.238      168.005
      336        1.821        5.473            0      377.841      170.212      176.741
      337        1.452        5.838            0      382.132      323.275      187.373
      338        2.026        5.619            0      377.597      217.923      189.402
      339        2.104        5.654            0      375.250      198.502      189.265
      340        1.581        5.624            0      378.047      227.273      189.377
      341        1.550        5.856            0      380.687      237.309      190.974
      342        1.630        5.575            0      377.284      229.210      188.741
      343        1.257        5.695            0      381.204      236.921      191.344
      344        1.387        5.682            0      377.463      224.770      188.606
      345        1.867        5.536            0      379.361      140.264      189.764
      346        1.998        5.455            0      380.685      161.787      192.341
      347        1.803        5.831            0      382.341      209.164      190.640
      348        1.721        5.741            0      379.958      160.688      187.370
      349        1.473        5.590            0      381.324      181.049      189.140
      350        1.708        5.695            0      379.818      179.410      188.481
      351        1.737        5.563            0      380.792      173.708      197.744
      352        1.838        5.489            0      379.030      146.640      187.749
      353        1.820        5.537            0      376.715      171.637      189.799
      354        1.983        5.463            0      375.623      173.716      188.802
      355        1.491        5.494            0      374.309      163.445      179.089
      356        1.160        5.562            0      375.177      180.133      176.200
      357        1.652        5.335            0      375.034      171.801      178.258
      358        1.443        5.605            0      376.343      157.806      183.110
      359        1.552        5.485            0      376.825      156.221      179.905
      360        1.507        5.468            0      374.976      159.824      178.074
      361        1.356        5.521            0      378.855      190.481      177.650
      362        1.475        5.523            0      375.296      174.853      174.775
      363        1.438        5.483            0      373.740      207.116      173.967
      364        1.661        5.554            0      374.973      183.095      174.627
      365        1.306        5.643            0      379.053      175.047      183.954
      366        1.733        5.659            0      376.967      165.179      178.041
      367        1.391        5.595            0      376.796      194.396      179.587
      368        1.271        5.597            0      377.690      190.424      178.270
      369        1.305        5.567            0      378.073      134.254      182.388
      370        1.686        5.669            0      374.049      175.329      177.790
      371        1.624        5.707            0      380.289      170.185      185.804
      372        1.692        5.522            0      375.208      182.296      179.559
      373        1.616        5.697            0      377.829      201.321      184.922
      374        1.478        5.625            0      376.426      194.976      178.986
      375        1.624        5.746            0      378.237      216.100      183.006
      376        1.135        5.572            0      377.581      218.474      178.133
      377        1.252        5.656            0      377.021      216.373      179.109
      378        1.963        5.802            0      375.806      225.441      179.701
      379        1.394        5.690            0      378.085      239.970      179.924
      380        1.445        5.888            0      380.885      228.322      188.623
      381        1.238        5.688            0      378.777      215.447      180.153
      382        1.054        5.861            0      384.120      212.564      184.994
      383        1.363        5.544            0      375.723      179.221      188.025
      384        1.646        5.673            0      382.134      221.978      189.389
      385        1.329        5.606            0      377.655      196.492      184.567
      386        1.132        5.589            0      379.276      177.492      187.823
      387        1.170        5.588            0      379.721      199.251      187.015
      388        1.065        5.619            0      374.923      181.649      183.701
      389        1.276        5.717            0      378.119      187.876      185.317
      390        1.377        5.776            0      380.176      185.414      188.911
      391        1.099        5.524            0      374.247      168.127      186.572
      392        1.384        5.712            0      378.162      202.116      186.040
      393        1.171        5.568            0      374.784      160.806      183.747
      394        1.285        5.654            0      377.967      200.179      185.127
      395        1.274        5.686            0      378.321      181.104      187.156
      396        1.117        5.520            0      373.350      178.807      186.553
      397        1.056        5.694            0      378.164      163.978      186.379
      398        1.097        5.469            0      372.724      168.820      185.235
      399        1.299        5.561            0      376.908      174.949      185.171
      400        1.432        5.788            0      380.250      224.288      192.282
      401        1.123        5.900            0      380.251      249.996      190.383
      402        1.306        5.809            0      382.924      235.417      192.726
      403        1.354        5.891            0      379.877      229.154      185.656
      404        1.484        5.824            0      381.204      247.802      184.200
      405        1.758        5.740            0      379.169      258.691      183.556
      406        1.201        5.433            0      374.788      221.982      189.218
      407        1.348        5.516            0      376.718      169.678      185.178
      408        1.301        5.468            0      375.832      190.858      184.544
      409        1.661        5.834            0      381.441      211.482      187.481
      410        1.705        5.790            0      379.581      221.956      192.312
      411        1.155        5.747            0      379.721      207.292      188.275
      412        0.992        5.785            0      379.333      211.610      186.693
      413        1.851        5.893            0      379.335      241.495      185.739
      414        1.456        5.446            0      375.091      196.385      174.111
      415        1.293        5.363            0      375.776      194.812      190.071
      416        1.175        5.513            0      379.228      179.757      189.137
      417        1.156        5.614            0      379.888      166.864      183.762
      418        0.891        5.752            0      381.904      170.624      192.356
      419        1.108        5.672            0      380.322      166.294      188.094
      420        1.063        5.718            0      378.858      152.140      185.478
      421        0.995        5.667            0      378.912      161.353      187.160
      422        1.054        5.773            0      380.107      174.242      184.656
      423        1.089        5.639            0      381.337      167.858      188.127
      424        0.946        5.734            0      380.092      185.965      189.281
      425        0.968        5.637            0      381.259      168.528      189.211
      426        1.081        5.541            0      379.125      209.458      192.525
      427        1.027        5.704            0      380.626      157.372      188.957
      428        1.140        5.685            0      384.127      160.386      185.765
      429        1.018        5.696            0      378.932      156.640      187.117
      430        1.209        5.536            0      375.746      142.333      182.597
      431        1.141        5.458            0      376.455      170.738      178.358
      432        1.132        5.768            0      378.556      230.622      180.200
      433        1.677        5.143            0      371.787      159.830      178.464
      434        1.193        5.660            0      376.340      207.470      177.613
      435        1.242        5.617            0      379.253      208.360      183.654
      436        1.072        5.850            0      380.124      204.673      183.685
      437        1.612        5.826            0      379.404      261.406      182.955
      438        1.652        5.528            0      375.995      201.299      182.748
      439        1.166        5.628            0      373.193      222.155      173.779
      440        1.009        5.526            0      378.166      190.544      185.780
      441        1.219        5.708            0      379.881      215.375      188.710
      442        1.421        5.746            0      381.191      195.461      191.242
      443        1.994        5.653            0      383.499      182.266      190.273
      444        1.972        5.762            0      382.962      194.707      185.766
      445        1.749        5.578            0      379.009      156.553      190.423
      446        1.413        5.738            0      380.528      175.999      191.109
      447        1.250        5.690            0      381.704      171.918      188.163
      448        1.930        5.675            0      382.365      169.455      192.410
      449        2.074        5.827            0      380.215      196.231      185.583
      450        1.853        5.688            0      379.732      184.720      189.885
      451        1.805        5.638            0      378.890      153.001      193.320
      452        2.015        5.678            0      383.280      167.380      190.095
      453        1.926        5.757            0      378.333      175.791      185.442
      454        1.808        5.586            0      375.701      219.944      181.813
      455        2.337        5.278            0      375.539      184.827      183.069
      456        1.454        5.650            0      376.252      183.768      185.918
      457        1.454        5.634            0      376.083      202.064      182.662
      458        0.993        5.846            0      381.629      193.442      187.377
      459        1.031        5.873            0      379.186      195.478      191.005
      460        1.314        5.875            0      380.835      212.188      188.235
      461        1.579        5.722            0      381.314      156.066      190.132
      462        1.789        5.588            0      377.634      176.251      190.568
      463        1.720        5.789            0      381.152      160.669      193.344
      464        1.940        5.748            0      382.050      176.807      188.158
      465        1.703        5.668            0      381.919      149.798      188.630
      466        1.768        5.560            0      380.830      164.149      192.664
      467        1.990        5.751            0      380.297      165.729      186.629
      468        1.924        5.633            0      379.778      172.790      188.251
      469        1.831        5.561            0      380.225      152.434      191.470
      470        1.832        5.677            0      380.728      185.539      191.480
      471        1.927        5.592            0      375.212      165.859      178.020
      472        1.915        5.634            0      376.748      139.830      180.695
      473        1.478        5.602            0      374.362      148.415      172.941
      474        1.066        5.549            0      378.004      177.008      179.995
      475        1.213        5.648            0      374.929      153.449      175.427
      476        1.842        5.569            0      379.432      157.811      188.313
      477        1.464        5.597            0      381.557      186.898      189.223
      478        2.007        5.822            0      381.516      193.309      186.851
      479        1.980        5.808            0      379.038      201.578      186.407
      480        2.006        5.682            0      384.528      200.427      193.758
      481        1.862        5.639            0      379.690      155.919      185.836
      482        1.917        5.656            0      378.340      180.088      189.289
      483        1.845        5.693            0      378.289      194.216      190.372
      484        1.278        5.723            0      381.439      201.900      193.002
      485        1.924        5.763            0      381.496      186.013      189.923
      486        1.593        5.644            0      379.755      185.620      190.081
      487        1.812        5.562            0      380.975      153.146      190.401
      488        1.918        5.671            0      378.404      178.699      188.562
      489        1.861        5.664            0      379.977      163.331      187.264
      490        1.855        5.589            0      380.593      172.538      192.649
      491        1.814        5.705            0      379.356      181.558      187.947
      492        1.881        5.619            0      382.797      170.716      192.318
      493        1.914        5.637            0      383.156      173.995      191.385
      494        1.890        5.658            0      379.256      168.495      193.459
      495        1.562        5.710            0      380.054      191.307      194.015
      496        1.057        5.684            0      376.807      217.935      193.286
      497        1.956        5.853            0      380.066      207.492      185.578
      498        2.029        5.827            0      380.246      241.878      189.395
      499        1.407        5.599            0      378.046      207.833      192.140
      500        1.716        5.632            0      379.536      219.337      179.608
      501        1.225        5.678            0      380.430      213.428      186.356
      502        0.952        5.538            0      377.164      206.584      191.667
      503        1.366        5.458            0      375.915      178.705      184.502
      504        1.788        5.547            0      372.954      178.590      174.903
      505        1.345        5.933            0      383.614      299.488      189.202
      506        1.377        5.575            0      380.629      257.432      185.258
      507        1.517        5.601            0      376.894      229.311      177.454
      508        1.579        5.410            0      378.824      211.430      184.826
      509        1.832        5.523            0      372.707      241.588      174.243
      510        1.734        5.575            0      375.954      250.399      174.402
      511        1.349        5.773            0      379.561      280.782      187.508
      512        1.349        5.647            0      378.121      200.877      189.437
      513        1.388        5.457            0      376.064      200.422      188.051
      514        1.003        5.590            0      379.475      159.097      188.918
      515        0.979        5.571            0      380.759      186.511      191.233
      516        1.158        5.579            0      375.180      167.831      182.097
      517        1.142        5.416            0      376.739      160.467      187.687
      518        1.055        5.470            0      379.511      180.072      188.688
      519        1.028        5.495            0      377.993      167.687      188.949
      520        1.011        5.681            0      381.797      191.970      185.824
      521        1.169        5.495            0      375.932      172.949      177.306
      522        1.356        5.572            0      380.957      164.745      185.348
      523        1.477        5.558            0      374.280      172.866      175.951
      524        1.156        5.513            0      375.766      200.279      175.263
      525        1.687        5.637            0      380.397      186.858      191.007
      526        1.923        5.766            0      379.033      170.726      192.071
      527        1.823        5.669            0      378.763      161.692      189.072
      528        1.309        5.569            0      378.555      168.115      184.055
      529        1.273        5.547            0      375.208      153.017      175.472
      530        1.804        5.507            0      374.940      171.498      180.556
      531        1.169        5.691            0      377.564      153.601      175.294
      532        1.659        5.549            0      375.644      170.132      177.648
      533        1.338        5.500            0      375.628      159.238      180.079
      534        1.032        5.515            0      378.699      145.430      192.253
      535        1.037        5.727            0      381.494      168.265      185.784
      536        0.901        5.586            0      381.412      147.808      194.201
      537        1.120        5.490            0      378.360      163.365      184.949
      538        1.145        5.509            0      375.387      192.991      186.449
      539        1.237        5.598            0      381.554      162.756      190.985
      540        1.168        5.546            0      377.655      165.476      196.945
      541        1.147        5.432            0      375.856      151.335      192.242
      542        1.207        5.706            0      378.564      168.097      186.192
      543        1.048        5.440            0      377.429      155.873      191.555
      544        1.127        5.334            0      376.309      146.555      192.061
      545        1.087        5.461            0      379.310      175.326      189.615
      546        1.011        5.693            0      379.250      181.772      180.060
      547        1.245        5.796            0      382.381      176.350      191.762
      548        1.128        5.596            0      376.719      186.994      185.092
      549        1.243        5.651            0      379.315      171.933      189.197
      550        1.243        5.739            0      381.460      213.879      192.407
      551        1.227        5.646            0      378.068      183.888      189.433
      552        1.325        5.535            0      378.157      154.416      184.752
      553        1.335        5.630            0      377.957      152.638      184.192
      554        1.104        5.774            0      381.325      176.422      188.039
      555        1.442        5.435            0      374.293      167.390      181.415
      556        1.147        5.565            0      375.148      164.267      181.626
      557        1.087        5.396            0      373.161      111.678      188.616
      558        0.906        5.626            0      383.811      195.211      194.040
      559        0.962        5.572            0      377.338      158.559      188.235
      560        1.108        5.420            0      379.035      148.637      193.335
      561        1.274        5.298            0      376.493      156.634      189.701
      562        1.014        5.584            0      381.038      148.494      189.621
      563        1.048        5.434            0      373.096      152.460      186.978
      564        1.196        5.804            0      380.959      194.153      186.765
      565        1.059        5.786            0      384.418      180.217      185.620
      566        1.046        5.761            0      380.625      162.595      187.974
      567        1.143        5.609            0      377.630      159.892      190.891
      568        1.052        5.821            0      382.269      180.195      184.373
      569        1.043        5.694            0      378.116      166.477      185.956
      570        1.092        5.619            0      379.890      171.720      188.740
      571        1.014        5.740            0      379.745      172.583      187.089
      572        1.260        5.770            0      375.645      218.998      174.918
      573        1.907        5.655            0      373.286      215.680      168.774
      574        1.226        5.693            0      377.289      165.030      185.084
      575        1.147        5.681            0      379.142      195.750      177.504
      576        1.151        5.666            0      377.993      183.118      179.852
      577        1.215        5.765            0      376.149      219.070      177.701
      578        1.076        5.553            0      373.175      192.643      172.837
      579        1.073        5.706            0      380.242      209.436      177.960
      580        1.140        5.510            0      374.693      169.001      179.380
      581        1.143        5.598            0      377.518      181.452      183.392
      582        1.202        5.660            0      376.867      196.782      180.148
      583        1.635        5.588            0      374.396      195.535      182.464
      584        1.197        5.644            0      378.972      206.477      183.524
      585        1.121        5.800            0      378.741      238.961      179.247
      586        1.578        5.558            0      373.109      227.245      180.989
      587        1.144        5.601            0      376.670      165.851      179.105
      588        1.122        5.733            0      376.186      214.445      177.089
      589        1.727        5.773            0      382.595      202.600      187.484
      590        1.273        5.513            0      373.384      189.631      174.245
      591        1.243        5.588            0      374.954      150.296      179.853
      592        1.185        5.565            0      374.872      179.650      180.161
      593        1.236        5.687            0      380.243      187.109      185.548
      594        1.171        5.586            0      377.936      184.342      177.858
      595        1.174        5.657            0      378.272      154.961      180.976
      596        1.283        5.493            0      377.387      208.559      178.099
      597        1.666        5.713            0      378.146      191.490      184.530
      598        1.755        5.833            0      380.684      187.044      184.554
      599        1.123        5.695            0      377.289      193.677      177.452
      600        1.065        5.595            0      377.144      191.146      178.084
      601        1.265        5.589            0      375.170      176.483      178.533
      602        1.182        5.646            0      376.532      145.208      177.698
      603        1.103        5.773            0      374.883      235.022      177.436
      604        1.257        5.848            0      377.774      190.364      176.322
      605        1.204        5.601            0      378.527      183.556      172.438
      606        1.721        5.602            0      378.840      181.870      188.117
      607        1.192        5.691            0      375.218      184.545      176.705
      608        1.261        5.619            0      372.636      173.332      173.754
      609        1.085        5.582            0      377.242      190.914      184.507
      610        1.026        5.614            0      376.218      196.693      181.919
      611        1.208        5.667            0      379.390      139.676      183.956
      612        0.908        5.657            0      381.222      159.775      189.069
      613        1.207        5.697            0      376.851      170.847      177.182
      614        1.652        5.705            0      377.175      209.451      183.967
      615        1.149        5.460            0      371.658      170.238      172.292
      616        1.238        5.583            0      377.081      203.452      178.462
      617        1.176        5.539            0      376.875      164.843      180.326
      618        1.179        5.589            0      379.336      182.501      185.350
      619        1.120        5.595            0      380.553      179.793      185.544
      620        1.308        5.604            0      373.207      215.895      175.204
      621        1.253        5.629            0      376.161      216.265      180.316
      622        1.191        5.616            0      373.933      209.066      176.261
      623        1.052        5.642            0      379.730      195.529      183.350
      624        1.188        5.707            0      375.998      226.137      179.532
      625        1.653        5.822            0      381.255      210.692      188.285
      626        1.334        5.714            0      377.603      158.351      186.683
      627        1.220        5.718            0      381.193      168.713      186.378
      628        1.301        5.544            0      375.602      190.449      191.245
      629        1.319        5.822            0      377.301      230.712      177.832
      630        1.274        5.690            0      378.058      183.263      183.537
      631        1.855        5.647            0      380.322      201.121      191.627
      632        1.146        5.635            0      379.310      135.169      192.400
      633        1.232        5.460            0      376.783      153.618      184.808
      634        1.132        5.682            0      380.603      164.763      192.117
      635        1.357        5.793            0      380.254      220.426      188.801
      636        1.140        5.682            0      381.029      153.207      194.974
      637        1.348        5.604            0      379.506      196.320      192.266
      638        1.217        5.637            0      379.558      172.673      192.825
      639        1.318        5.603            0      377.532      184.113      190.200
      640        1.218        5.538            0      370.375      198.431      187.569
      641        1.221        5.543            0      376.935      198.211      188.501
      642        1.150        5.778            0      382.266      159.415      189.038
      643        1.178        5.552            0      376.852      191.725      185.986
      644        1.432        5.521            0      378.518      204.587      189.855
      645        1.216        5.558            0      371.937      170.458      180.349
      646        1.223        5.597            0      379.753      195.313      184.181
      647        1.315        5.434            0      374.474      194.562      181.693
      648        1.779        5.695            0      380.748      193.885      187.812
      649        1.691        5.668            0      378.807      202.326      187.453
      650        1.684        5.704            0      379.451      179.440      184.429
      651        1.283        5.503            0      375.555      196.037      185.899
      652        1.197        5.644            0      380.183      187.408      191.145
      653        1.671        5.699            0      379.717      181.869      190.789
      654        1.305        5.765            0      379.219      163.476      188.287
      655        1.245        5.703            0      383.811      150.961      191.054
      656        1.359        5.720            0      381.098      167.729      193.479
      657        1.222        5.742            0      380.459      146.452      190.390
      658        1.278        5.721            0      382.161      162.757      191.278
      659        1.291        5.612            0      379.098      134.394      187.365
      660        1.689        5.646            0      379.123      191.197      186.863
      661        1.730        5.813            0      384.862      166.657      186.768
      662        1.262        5.587            0      383.695      168.725      187.302
      663        1.775        5.801            0      381.420      184.353      187.589
      664        1.788        5.534            0      378.262      180.323      184.178
      665        1.235        5.671            0      383.078      160.234      191.190
      666        1.214        5.739            0      380.179      151.144      186.157
      667        1.136        5.667            0      376.655      175.830      182.557
      668        1.183        5.713            0      377.235      159.858      187.162
      669        1.234        5.614            0      377.249      177.811      186.944
      670        1.451        5.668            0      380.165      199.072      191.733
      671        1.214        5.550            0      376.440      131.898      186.612
      672        0.986        5.709            0      378.334      134.666      186.462
      673        2.001        5.747            0      380.494      192.013      186.037
      674        1.127        5.709            0      380.615      178.437      189.386
      675        0.980        5.703            0      382.263      159.914      193.067
      676        1.207        5.715            0      376.306      149.012      181.111
      677        1.119        5.847            0      381.282      148.817      188.231
      678        1.141        5.740            0      383.325      178.542      194.511
      679        1.192        5.797            0      380.246      162.136      188.763
      680        1.832        5.735            0      379.598      187.834      186.600
      681        1.306        5.689            0      380.286      148.816      190.855
      682        1.222        5.731            0      381.111      150.110      187.940
      683        1.227        5.839            0      382.104      150.971      185.682
      684        1.217        5.634            0      379.091      162.293      179.936
      685        1.561        5.684            0      377.698      178.160      187.705
      686        1.697        5.610            0      382.901      190.001      186.502
      687        1.208        5.465            0      372.159      157.594      184.863
      688        1.982        5.470            0      375.037      168.379      177.177
      689        1.336        5.739            0      378.782      175.757      182.859
      690        1.251        5.742            0      382.676      156.929      193.060
      691        1.282        5.530            0      374.555      161.026      187.258
      692        1.270        5.447            0      372.507      170.547      186.841
      693        1.207        5.620            0      374.951      184.181      184.320
      694        1.404        5.519            0      380.980      202.604      188.583
      695        1.282        5.867            0      379.957      185.592      188.515
      696        1.364        5.570            0      378.318      132.657      190.177
      697        1.208        5.503            0      374.760      178.411      186.102
      698        1.237        5.550            0      375.686      164.203      184.267
      699        1.172        5.399            0      374.876      173.375      188.074
      700        1.842        5.610            0      376.126      182.005      178.698
      701        1.366        5.584            0      381.065      171.014      184.844
      702        1.303        5.732            0      382.280      197.929      190.269
      703        1.335        5.677            0      379.012      170.137      180.626
      704        1.198        5.562            0      375.737      170.981      186.290
      705        1.439        5.679            0      379.095      156.952      185.077
      706        1.328        5.638            0      378.548      206.222      186.584
      707        1.349        5.508            0      375.833      162.862      188.130
      708        1.247        5.676            0      380.012      169.494      193.634
      709        1.268        5.591            0      374.725      135.298      180.824
      710        1.174        5.689            0      381.150      180.289      187.602
      711        1.161        5.651            0      377.603      179.003      180.538
      712        1.169        5.641            0      378.723      194.005      181.540
      713        1.240        5.619            0      372.944      202.814      174.943
      714        1.253        5.643            0      378.081      188.508      178.179
      715        1.125        5.789            0      380.447      189.794      187.231
      716        1.180        5.684            0      376.684      196.250      174.927
      717        1.729        5.700            0      377.352      195.031      175.085
      718        1.638        5.658            0      377.756      187.717      182.576
      719        1.789        5.597            0      374.967      195.661      172.578
      720        1.891        5.774            0      381.976      207.290      191.825
      721        1.937        5.608            0      381.403      174.316      191.216
      722        1.421        5.579            0      381.640      176.565      187.198
      723        1.851        5.642            0      379.076      219.086      190.684
      724        1.857        5.779            0      379.406      203.209      188.270
      725        1.794        5.603            0      377.757      175.249      188.962
      726        1.847        5.570            0      376.975      135.843      185.617
      727        1.862        5.483            0      377.733      154.792      188.407
      728        1.858        5.653            0      380.294      178.953      190.693
      729        1.765        5.541            0      377.034      157.463      187.512
      730        1.770        5.734            0      380.664      200.540      188.055
      731        1.583        5.643            0      377.639      175.156      188.729
      732        1.594        5.480            0      377.560      155.842      189.979
      733        1.915        5.670            0      377.267      197.001      188.179
      734        1.810        5.539            0      378.476      143.462      191.963
      735        1.896        5.692            0      381.270      189.713      188.149
      736        2.050        5.638            0      377.466      192.902      188.436
      737        1.962        5.700            0      381.225      207.545      191.940
      738        1.244        5.664            0      382.485      236.132      187.033
      739        1.390        5.719            0      379.061      191.948      190.770
      740        1.647        5.725            0      378.894      175.928      187.780
      741        1.324        5.757            0      378.587      230.856      184.253
      742        1.366        5.614            0      379.364      218.426      188.103
      743        1.944        5.665            0      380.493      207.878      190.612
      744        1.840        5.671            0      376.831      212.298      189.791
      745        1.739        5.552            0      380.550      162.281      192.282
      746        1.980        5.670            0      378.837      217.987      188.772
      747        1.340        5.655            0      382.290      167.129      189.442
      748        2.089        5.753            0      380.304      177.294      188.831
      749        2.005        5.719            0      379.340      221.036      185.729
      750        1.649        5.653            0      379.469      210.721      193.535
      751        1.850        5.630            0      377.236      184.705      190.726
      752        1.977        5.654            0      380.820      199.071      193.438
      753        1.906        5.596            0      377.094      194.531      187.024
      754        1.741        5.653            0      379.354      207.864      194.678
      755        1.870        5.765            0      379.307      229.476      188.777
      756        1.931        5.622            0      375.228      182.894      179.422
      757        1.993        5.673            0      381.188      191.360      188.378
      758        1.810        5.564            0      378.082      172.430      189.493
      759        1.996        5.691            0      379.945      197.980      185.819
      760        2.161        5.494            0      378.240      208.385      186.280
      761        1.842        5.647            0      379.349      183.750      189.204
      762        1.800        5.532            0      378.978      169.079      190.629
      763        1.657        5.695            0      379.169      186.560      191.026
      764        2.000        5.578            0      381.319      197.685      199.017
      765        1.762        5.647            0      378.728      201.240      187.618
      766        1.741        5.564            0      380.934      185.863      186.776
      767        1.772        5.634            0      378.379      168.250      188.381
      768        1.647        5.567            0      379.298      175.338      187.907
      769        1.890        5.562            0      377.321      183.631      186.956
      770        1.541        5.636            0      378.903      165.767      187.573
      771        1.823        5.689            0      382.623      191.775      189.915
      772        1.467        5.724            0      382.288      176.219      188.242
      773        1.626        5.487            0      375.337      167.696      187.170
      774        1.459        5.709            0      379.323      155.318      189.906
      775        1.509        5.552            0      377.889      189.643      189.099
      776        1.512        5.582            0      378.013      166.341      186.309
      777        1.529        5.630            0      380.354      158.433      189.120
      778        1.772        5.725            0      376.268      209.919      183.053
      779        1.891        5.772            0      380.900      178.093      189.795
      780        1.661        5.613            0      380.588      156.869      191.767
      781        1.906        5.439            0      375.799      186.808      179.958
      782        2.065        5.755            0      376.597      158.882      183.979
      783        1.673        5.731            0      382.148      183.777      188.149
      784        1.558        5.741            0      378.216      219.261      185.518
      785        2.091        5.849            0      382.612      227.819      190.277
      786        0.951        5.587            0      382.790      149.332      191.372
      787        1.803        5.556            0      379.196      155.579      191.029
      788        1.733        5.640            0      377.832      177.936      184.333
      789        1.750        5.566            0      379.519      145.869      189.564
      790        1.900        5.584            0      379.250      183.625      186.539
      791        1.911        5.619            0      381.508      174.064      192.440
      792        1.737        5.737            0      380.698      167.133      187.276
      793        1.615        5.585            0      380.165      171.140      188.113
      794        1.855        5.450            0      378.978      157.217      189.918
      795        1.440        5.676            0      379.465      162.288      187.879
      796        1.512        5.586            0      379.444      170.362      189.176
      797        1.534        5.577            0      381.572      170.182      191.504
      798        1.650        5.540            0      378.244      156.252      190.089
      799        2.094        5.613            0      380.321      206.243      195.282
      800        1.970        5.616            0      379.835      179.979      185.072
      801        1.727        5.617            0      378.276      171.196      188.686
      802        1.832        5.605            0      379.754      170.520      190.574
      803        1.633        5.602            0      377.572      164.876      185.145
      804        2.047        5.664            0      381.202      197.008      193.528
      805        1.685        5.527            0      378.460      145.021      191.603
      806        1.762        5.424            0      374.991      142.813      183.294
      807        1.731        5.608            0      380.870      164.194      191.452
      808        1.870        5.793            0      382.476      188.642      187.691
      809        1.852        5.459            0      379.361      173.606      189.873
      810        1.869        5.572            0      378.546      170.716      187.401
      811        1.461        5.652            0      381.109      169.896      190.444
      812        1.892        5.814            0      380.721      173.164      191.606
      813        1.850        5.591            0      376.854      162.768      185.570
      814        1.552        5.626            0      379.626      170.435      187.073
      815        1.526        5.677            0      381.003      173.463      183.584
      816        1.467        5.728            0      381.646      152.827      191.936
      817        1.392        5.655            0      381.612      153.340      188.299
      818        1.864        5.614            0      381.639      209.974      193.511
      819        1.834        5.710            0      380.027      180.955      190.285
      820        1.974        5.658            0      379.748      162.513      192.547
      821        1.941        5.651            0      381.086      223.539      185.835
      822        1.622        5.655            0      381.281      180.016      187.862
      823        2.019        5.818            0      378.881      223.646      187.900
      824        1.485        5.735            0      380.897      196.628      190.861
      825        1.216        5.707            0      380.331      167.123      184.078
      826        1.798        5.765            0      378.731      230.340      189.746
      827        1.820        5.731            0      379.037      165.490      192.018
      828        1.338        5.746            0      379.418      186.484      190.210
      829        1.674        5.676            0      379.910      163.719      185.602
      830        2.015        5.620            0      380.723      204.527      191.924
      831        1.530        5.566            0      377.437      170.773      187.489
      832        1.541        5.668            0      380.638      175.699      186.237
      833        1.767        5.710            0      378.251      183.467      187.356
      834        1.719        5.599            0      381.513      174.184      191.785
      835        1.544        5.825            0      384.030      224.058      193.610
      836        1.872        5.634            0      380.417      190.005      189.151
      837        1.282        5.719            0      381.512      163.342      189.056
      838        1.453        5.701            0      380.850      166.264      188.631
      839        1.784        5.710            0      382.659      217.593      191.145
      840        2.038        5.678            0      377.531      193.295      189.460
      841        1.895        5.640            0      381.417      185.048      193.808
      842        1.785        5.627            0      378.783      176.091      188.710
      843        1.817        5.661            0      383.044      183.592      198.330
      844        1.774        5.653            0      378.208      167.034      185.386
      845        1.734        5.695            0      378.045      205.743      190.379
      846        1.995        5.804            0      380.089      202.257      188.198
      847        1.631        5.595            0      380.842      168.096      190.356
      848        1.928        5.760            0      378.581      221.607      185.337
      849        1.857        5.659            0      378.384      197.258      191.231
      850        1.629        5.725            0      379.581      160.087      190.732
      851        2.025        5.795            0      383.576      230.671      187.594
      852        1.974        5.664            0      380.082      190.682      189.880
      853        2.018        5.744            0      381.464      195.462      185.264
      854        1.824        5.610            0      377.986      163.812      189.446
      855        1.789        5.624            0      378.129      161.994      188.145
      856        1.747        5.624            0      379.507      172.807      194.059
      857        1.597        5.704            0      378.054      182.513      192.728
      858        1.740        5.581            0      375.580      154.688      185.755
      859        1.762        5.545            0      379.203      142.300      187.040
      860        1.358        5.779            0      380.432      168.515      189.345
      861        2.025        5.720            0      380.481      205.978      192.540
      862        1.322        5.439            0      378.406      163.579      183.254
      863        1.181        5.526            0      372.139      174.908      184.103
      864        1.003        5.842            0      382.106      221.167      182.571
      865        1.231        5.666            0      377.174      207.551      180.564
      866        1.088        5.664            0      376.040      196.787      178.277
      867        0.925        5.783            0      383.008      189.850      187.602
      868        1.276        5.593            0      373.555      169.518      178.635
      869        1.081        5.676            0      379.060      153.876      182.001
      870        1.193        5.718            0      378.126      163.814      178.454
      871        1.094        5.648            0      378.390      167.748      186.432
      872        1.629        5.825            0      380.873      241.381      187.007
      873        1.090        5.588            0      371.547      211.361      174.701
      874        1.200        5.627            0      378.553      198.432      183.068
      875        1.184        5.766            0      379.061      220.986      180.033
      876        1.785        5.734            0      376.911      205.087      179.849
      877        1.112        5.742            0      378.140      202.772      177.533
      878        1.168        5.816            0      373.934      234.843      175.569
      879        1.113        5.709            0      377.951      205.084      182.104
      880        2.016        5.660            0      375.044      258.214      173.941
      881        1.167        5.836            0      383.111      211.425      186.836
      882        1.230        5.565            0      377.787      167.304      182.622
      883        1.221        5.660            0      377.936      167.726      180.560
      884        1.329        5.467            0      373.669      171.517      172.327
      885        1.144        5.698            0      378.809      183.939      178.069
      886        1.488        5.319            0      371.000      186.573      163.484
      887        1.086        5.581            0      373.712      208.256      177.007
      888        1.284        5.643            0      372.085      191.646      173.347
      889        1.171        5.526            0      372.666      198.304      173.663
      890        1.322        5.861            0      377.973      210.020      173.547
      891        1.322        5.601            0      377.634      211.327      179.599
      892        1.046        5.456            0      377.361      220.366      181.408
      893        0.959        5.651            0      373.919      192.780      184.414
      894        1.483        5.415            0      372.641      184.698      170.422
      895        1.819        5.473            0      370.040      235.395      167.635
      896        1.522        5.637            0      378.103      172.363      177.067
      897        1.515        5.536            0      376.397      181.093      177.385
      898        1.106        5.515            0      379.358      179.394      183.872
      899        1.678        5.550            0      377.592      161.062      177.566
      900        1.911        5.746            0      383.862      191.339      195.539
      901        1.684        5.823            0      381.772      249.075      193.487
      902        1.754        5.936            0      382.159      217.845      189.263
      903        1.387        5.802            0      380.974      217.792      192.236
      904        1.424        5.810            0      381.964      207.541      192.894
      905        1.344        5.666            0      375.008      203.151      179.008
      906        0.873        5.608            0      377.521      231.870      187.812
      907        0.770        5.740            0      379.489      219.578      182.355
      908        0.869        5.696            0      378.177      215.757      182.599
      909        0.747        5.772            0      380.695      191.320      188.347
      910        1.006        5.669            0      377.975      173.160      184.199
      911        0.763        5.595            0      374.585      199.019      181.697
      912        0.923        5.644            0      374.817      186.756      172.144
      913        0.924        5.449            0      372.356      203.269      182.239
      914        0.919        5.723            0      375.699      204.333      178.212
      915        0.856        5.743            0      380.269      233.879      188.626
      916        0.880        5.667            0      375.140      213.573      176.521
      917        0.834        5.620            0      375.018      205.845      174.816
      918        0.802        5.737            0      378.920      209.312      182.521
      919        0.679        5.642            0      376.342      221.587      177.334
      920        0.864        5.606            0      377.572      201.000      184.028
      921        1.074        5.631            0      378.347      188.460      188.021
      922        0.819        5.755            0      380.407      239.999      183.410
      923        0.722        5.680            0      376.882      203.954      183.525
      924        0.745        5.671            0      378.692      211.800      185.505
      925        1.146        5.755            0      378.784      240.437      180.769
      926        0.670        5.884            0      378.946      260.773      186.235
      927        0.769        5.784            0      378.408      220.279      190.333
      928        1.469        5.712            0      374.312      229.207      181.067
      929        1.007        5.669            0      374.975      201.269      173.252
      930        0.878        5.695            0      379.016      198.919      180.963
      931        0.847        5.652            0      373.780      194.670      171.914
      932        1.195        5.797            0      383.248      219.955      187.220
      933        0.760        5.616            0      375.717      211.896      177.357
      934        0.754        5.671            0      377.315      206.550      176.609
      935        1.099        5.705            0      380.989      214.669      188.373
      936        0.950        5.763            0      378.316      193.062      185.056
      937        0.848        5.675            0      380.525      173.437      185.187
      938        0.860        5.695            0      378.628      209.074      188.451
      939        1.013        5.822            0      379.572      216.195      187.299
      940        1.260        5.757            0      378.197      210.857      182.412
      941        0.978        5.634            0      377.652      191.645      185.865
      942        0.896        5.854            0      377.047      190.913      182.974
      943        0.787        5.770            0      383.551      203.957      183.952
      944        1.801        5.793            0      380.622      203.717      188.310
      945        1.877        5.910            0      379.198      222.691      182.446
      946        1.816        5.865            0      381.401      233.452      186.557
      947        2.024        5.827            0      379.759      194.893      191.287
      948        1.469        5.903            0      380.079      221.520      184.071
      949        0.719        5.710            0      376.416      210.400      177.565
      950        0.906        5.658            0      375.978      196.620      175.608
      951        0.932        5.618            0      377.930      258.602      180.428
      952        0.637        5.690            0      378.808      243.928      182.081
      953        0.857        5.636            0      377.972      205.357      179.613
      954        1.784        5.605            0      373.691      179.363      175.322
      955        1.334        5.722            0      376.786      218.063      180.191
      956        0.908        5.572            0      373.738      239.481      172.602
      957        1.105        5.742            0      377.040      204.265      184.478
      958        1.569        5.695            0      377.788      229.466      184.764
      959        1.428        5.600            0      370.605      270.786      170.367
      960        1.722        5.814            0      376.787      297.309      178.167
      961        1.293        5.519            0      372.160      213.555      175.404
      962        1.318        5.712            0      380.433      212.940      181.893
      963        1.366        5.771            0      379.291      203.463      185.921
      964        1.354        5.698            0      378.829      179.645      178.977
      965        0.795        5.652            0      373.466      193.543      174.483
      966        1.216        5.818            0      381.798      240.453      187.972
      967        0.792        5.798            0      380.322      209.918      186.742
      968        0.684        5.797            0      381.995      206.737      187.319
      969        0.816        5.704            0      378.835      203.426      192.162
      970        1.943        5.776            0      381.793      213.591      193.186
      971        1.785        5.661            0      377.673      224.603      192.613
      972        1.255        5.881            0      380.936      222.680      192.665
      973        1.546        5.676            0      381.189      190.155      190.460
      974        1.621        5.538            0      377.452      166.829      188.772
      975        1.338        5.550            0      381.464      205.766      191.304
      976        1.483        5.632            0      380.377      175.459      192.186
      977        1.959        5.771            0      376.937      203.312      184.971
      978        1.759        5.655            0      379.230      226.912      188.227
      979        1.760        5.685            0      379.854      178.751      191.270
      980        1.818        5.675            0      381.151      183.415      187.946
      981        2.006        5.670            0      383.498      206.740      192.738
      982        1.881        5.630            0      380.103      237.910      188.353
      983        1.577        5.556            0      377.438      181.544      186.481
      984        1.965        5.658            0      382.004      225.371      193.606
      985        2.100        5.607            0      375.424      206.286      184.841
      986        2.018        5.770            0      380.332      215.767      186.257
      987        1.985        5.917            0      381.449      183.072      188.001
      988        1.938        5.663            0      381.608      156.640      193.382
      989        1.754        5.731            0      379.814      155.625      192.194
      990        1.818        5.614            0      378.477      149.138      190.373
      991        1.879        5.795            0      381.518      185.741      193.049
      992        1.946        5.741            0      381.462      206.918      195.455
      993        1.780        5.623            0      379.624      180.091      190.400
      994        1.881        5.673            0      380.355      177.825      189.596
      995        1.844        5.539            0      377.947      148.792      189.135
      996        1.935        5.659            0      380.518      176.113      189.643
      997        1.839        5.766            0      379.866      186.996      190.287
      998        1.977        5.700            0      379.256      207.118      184.981
      999        1.539        5.805            0      382.527      234.118      193.673
     1000        1.587        5.550            0      382.682      195.734      193.745
     1001        1.592        5.551            0      381.977      195.436      192.696
