## Torsion are defined with the following atomIDs:
# dihed1: ai= 5371 aj= 2689 ak= 2688 al= 2687
# dihed2: ai= 2690 aj= 2684 ak= 2682 al= 2681
# dihed3: ai= 2680 aj= 2679 ak= 2677 al= 2674
# dihed4: ai= 2679 aj= 2677 ak= 2674 al= 2675
# dihed5: ai= 2676 aj= 2671 ak= 2695 al= 2694
# dihed6: ai= 2692 aj= 2691 ak= 2698 al= 2697
# dihed7: ai= 2691 aj= 2698 ak= 2697 al= 5382
# Frame#   dihed1   dihed2   dihed3   dihed4   dihed5   dihed6   dihed7
0  176.531  -26.047   18.769   28.343 -142.551   99.990  178.290
1 -160.454  -45.143   51.478   26.898 -125.341  -10.868 -174.414
2 -177.068   -5.513   21.285   20.754 -122.335   12.964  163.594
3 -169.933  -22.349   18.749   41.481 -145.063   51.297  173.931
4 -166.466  -16.848   19.081   38.617 -145.162  145.828 -179.930
5 -170.246  -16.004   36.390   18.926 -151.768  -27.111 -174.877
6 -170.792  -16.083   43.905    8.195 -143.061   85.882 -168.250
7  170.739    7.287   14.922   20.740 -175.752   89.330  161.440
8 -136.322  -36.110   33.422   41.157  122.028  149.240 -174.678
9 -164.933  -24.912   41.171   23.889  179.417 -135.411 -173.135
10  173.975  -12.975   30.237   26.777 -167.472  -91.360 -177.435
11 -160.586   -5.658    5.773   46.668 -170.382 -154.473  177.047
12  163.384   -9.079   33.706   31.726 -155.085  102.958 -178.841
13 -166.396  -10.210   62.608    4.784  175.737  145.981  173.294
14 -156.447  -11.592   23.566   40.585 -135.385   26.563  171.861
15 -156.548   -5.349   -7.294   65.521 -125.896  178.376  176.568
16 -179.612   -3.410   47.244   19.794 -125.499   16.306  172.402
17 -165.992    0.861   21.551   37.492 -108.783   30.881 -174.540
18 -168.515   -4.451   27.224   24.604 -118.071  161.211 -176.290
19 -162.860   -8.029   11.078   38.604 -139.526   90.900 -168.610
20 -176.569   -4.458   16.250   61.865 -126.832   36.581 -179.996
21 -152.799  -42.865   34.380   44.705  159.132   80.344 -168.671
22 -158.195   -0.784   28.704   17.384 -124.697  119.654 -177.916
23 -153.092    0.030    7.827   49.681 -124.474    8.327 -174.637
24 -157.497  -37.158   42.981   23.580 -124.346   70.346  162.382
25 -172.519   -0.535   20.083   46.536  173.449   96.410 -176.091
26 -158.524  -21.968   35.521   20.383  152.056  -90.664 -175.766
27 -176.550  -18.133   19.924   41.442  166.174    7.231  176.977
28 -167.519   22.888   -4.049   41.394 -131.007   -1.818  168.708
29 -153.430   -7.727   28.394   34.152 -141.027  148.030  164.833
30 -178.391  -45.043   53.975   18.017 -136.419  -28.465 -177.215
31 -171.575  -42.564   54.319   25.411 -126.034  -87.549  178.547
32 -168.473  -36.584   42.364   38.583  147.491 -173.780 -170.033
33 -169.318   26.632   27.881   20.019 -116.023   60.454  171.144
34  176.743   -6.820   28.663   41.689 -125.366  -14.275  172.064
35  173.189  -32.894   16.933   45.074 -103.046  -84.439  163.887
36 -175.402  -19.194    8.405   51.605 -139.691  161.409  173.007
37 -178.611  -30.124   48.088   29.756  156.497   90.282  168.083
38  171.636   -3.252   31.589   20.469 -174.689  159.144 -178.145
39  178.655    0.890   44.595   28.800  144.678 -134.409 -175.533
40  161.511    8.128    1.372   53.487  168.619 -169.536  173.833
41  154.606   23.684   21.633   24.761 -126.461   73.008 -176.105
42  168.671   17.933   26.538   17.474 -123.722  -28.448 -172.723
43 -176.869  -39.202   31.670   31.853 -131.212 -101.541  175.368
44  177.885  -13.228   22.929   57.522 -123.884 -138.787  173.817
45 -153.139  -47.701   46.334   31.180 -141.277   44.601  169.043
46 -157.542  -30.676   19.243   35.337 -144.404 -104.162  163.461
47 -163.998   20.586   31.909   33.255 -167.681  142.117  171.712
48  179.844   11.707    1.215   76.131 -142.185  -28.356  179.744
49 -125.593    4.269    8.870   44.252  140.187  -76.291 -172.069
50 -143.217    3.591   16.118   41.956  132.842  179.069  178.055
51 -146.494    0.097   31.276   26.601  128.477  163.351  174.081
52 -157.558   14.166    7.261   61.408  138.046  165.903  174.990
53 -148.303   -8.542   19.672   36.324  133.494   22.736 -175.334
54 -161.947    4.949   25.548   33.351  139.625  163.218 -174.939
55 -158.706   14.096    8.439   41.458  127.608  174.950 -170.335
56 -164.902   -3.870   14.025   52.872  137.847  -50.332  154.633
57 -159.505    7.039   31.510   29.302 -145.088  -79.862  165.716
58 -163.138   10.905    1.863   34.749 -143.062  163.473  170.508
59 -172.380  -24.516   33.066   27.834   30.888  178.545 -171.213
60  174.522   -3.382    6.270   41.171   14.870 -138.259 -157.785
61   -3.006  -42.436   39.823   35.372   40.545  -81.447 -178.975
62  -25.504  -50.499   24.301   45.431   23.488  175.623 -157.465
63 -169.353  -10.469   19.735   32.101   18.396  -99.683 -156.521
64 -171.212   33.795   20.792   45.615  -34.366  -90.435 -169.581
65  173.560  -49.856   23.883   38.839   52.570 -108.513 -167.281
66  167.738  -14.644   12.208   36.190   31.059  -90.178 -172.708
67  -72.919  -62.218   40.893   34.576  151.071  162.988 -178.923
68  176.270   53.829   26.117   14.496  162.067   50.542  177.751
69  161.310   43.629   27.109   27.519  157.982  -98.150 -178.254
70 -179.588   27.891   20.563   25.445 -131.236 -145.026 -177.364
71 -159.154  -39.096   50.339   35.998 -125.568   41.922 -178.841
72 -168.808  -49.174  -25.340  146.767 -149.508   25.072  177.828
73  177.045  -68.444  -18.098  146.914 -145.388 -156.038  166.698
74  179.279  -74.371  -44.684  164.765 -135.303  120.404  170.836
75 -172.332  -45.667   23.220   45.198 -136.732 -105.586 -169.807
76  173.637  -12.342    7.708   64.843 -116.562  -75.331  167.974
77  166.998  -22.214   18.620   38.773 -127.834   27.292  170.406
78 -160.219  -30.591   45.994   23.355 -125.940  -24.447  174.171
79 -164.727  -10.480   35.714   19.730  155.835  -15.504  173.433
80 -165.689  -26.916   47.898   25.120 -124.098  166.111  176.085
81 -156.123  -22.120   39.094   36.594 -129.760   21.205  169.682
82 -154.956  -35.623   31.404   25.550 -128.966    3.506 -172.417
83  170.952    2.366   -4.983   52.338 -123.096  154.648 -172.565
84 -161.051    0.189   13.971   48.093 -132.903  153.197 -171.073
85 -179.358   -1.785   26.844   20.410 -132.949  -34.466  165.428
86 -169.871  -11.976   18.071   28.005 -117.288  160.591  166.535
87 -166.362  -14.971   49.093   22.051  165.459  167.572  167.934
88 -156.127  -37.680   44.480   16.577  162.886  -97.697 -176.366
89  155.246   20.112   33.559   30.427 -133.685  -18.228 -174.948
90  170.697   -2.497   38.949   31.395  163.061 -117.761  162.398
91  178.287   -6.560    5.656   46.218  157.206  -17.575  172.310
92  154.203   -2.235   18.097   39.951  165.183  -83.374  170.661
93 -165.769   -9.379   -5.218   67.498  158.083 -113.759 -178.594
94 -173.901   -9.350   18.848   53.769  156.368  135.471  179.782
95  165.190    6.215   20.696   26.724  -24.013  -62.989 -156.380
96 -175.156   14.371    9.712   40.578  -12.429  -72.565  170.464
97  175.543   10.887    8.117   36.141  -39.906  -46.370 -173.840
98 -144.583  -56.609   37.676 -148.791   57.627   70.677 -171.770
99 -175.125  -46.140   10.461 -139.584  -14.642 -102.229  167.104
100  178.203  -28.284   19.484 -142.108  -16.133  -90.532 -170.810
101  160.021   -9.908   15.248 -125.599  -20.641  -89.206 -168.764
102 -153.651  -22.495   19.668 -119.947  -38.456  131.051  166.778
103 -170.305  -22.229   26.037 -147.931  -38.693 -178.177  173.206
104  157.047   12.538    6.505 -127.679   54.685  -27.723  173.402
105 -157.709  -15.298    3.980 -131.484  -18.196  -21.477  170.295
106  167.672   -7.299   23.747 -149.570  -18.289 -179.132 -168.112
107 -148.646   -4.763    0.445 -114.999  -13.504 -159.475  176.440
108 -161.821  -43.499    8.901 -121.524   37.798   58.251  177.375
109 -172.151    1.550    5.909 -130.938  -15.887  -11.177  169.812
110 -168.999   14.308   -2.068 -130.203  -64.273   14.045 -178.059
111 -157.333  -29.059   42.752 -152.144  -26.202 -158.084  179.804
112  160.504   -2.381   18.667 -141.472   -8.400   44.468 -177.184
113 -148.762    9.718   -4.596 -139.816  -19.547  -85.847 -177.379
114 -166.147  -38.957   43.356 -160.947  -44.031  -21.719  166.517
115  -27.663  -41.142   40.658 -155.047  -21.130   -8.520 -179.591
116   -0.921  -62.884   18.951 -152.531   -4.914   -0.464 -167.449
117    0.825   -6.975    1.015 -125.090  -23.323    7.372 -155.808
118    3.294   -1.450   15.932 -139.972   68.396  -89.276  176.647
119   11.060   -2.010   -1.374 -117.481   49.437   29.744  150.595
120   15.059  -39.935   43.574 -150.339  -17.361  -69.514 -164.236
121   15.330  -26.593   30.502 -148.279   40.191 -117.182  160.683
122  -11.422  -34.947   31.128 -146.912  177.365  -24.136  168.084
123   14.379    7.064   -2.418 -157.473  153.902  -95.789 -168.302
124   21.415    2.154   27.033 -151.670  163.933  -35.012 -176.699
125   16.850    2.460    6.181 -145.572  161.933  -89.863 -177.789
126   13.257  -23.303   14.521 -129.603  159.297  -23.786  171.257
127   23.687  -16.904   19.446 -148.744  167.741   -8.273 -179.875
128   -5.142    5.982   22.923 -158.002  158.175  -73.133  172.995
129   25.403   -7.893   22.878 -153.603  158.259  -75.990  177.347
130  -18.234  -60.166   38.678 -156.047  154.887  -32.474 -173.037
131    4.867  -31.139   19.653 -149.886  169.737  -46.948 -166.520
132   -9.401  -10.638   17.276 -123.822  140.738 -105.470 -177.791
133   -3.872  -14.815   23.228 -138.564 -130.136  159.547 -157.561
134   14.963   -5.420   23.190 -152.591 -125.431 -138.325  165.972
135   -0.641    4.914   34.953 -152.440 -123.220  -85.534  171.295
136    4.695  -34.640   47.732 -154.810 -112.850  -97.078  173.935
137  -14.542  -33.068   -6.353  -59.733 -117.372    6.822  173.833
138   14.048  -11.361   19.201 -146.702   39.698   18.580 -169.660
139   -8.698  -25.989   27.812 -152.197   23.832   27.675 -167.893
140   15.331  -74.772    7.902 -150.525   36.061 -102.270 -173.028
141  -25.729  -72.906  -16.861  -45.061   55.337  -82.969  172.952
142    4.559  -75.705  -17.493  -35.543   47.148   30.466 -169.414
143  -34.994  -62.001  -26.686  -32.183   56.587  -16.632 -165.164
144  -29.109  -82.559  -12.206  -34.396   49.834 -103.437 -174.146
145  -27.381  -80.839   -4.233  -52.844   51.641   28.317  173.382
146    7.904  -62.486   -0.885  -51.807   66.416  -69.648  172.345
147    5.681  -59.736  -28.838  -28.981   64.400    5.625  168.696
148    9.372  -32.631  -17.763  -27.814   -4.214   55.149 -179.514
149   -3.879  -74.475  -13.229  -27.264   46.143    2.202  173.922
150    8.422  -65.252   -7.997  -22.158  -18.427 -158.734  171.420
151   -5.087  -90.220  -14.604  -37.990   36.746 -100.691 -176.652
152  -17.438  -81.541  -16.471  -43.687   58.100   42.316  165.677
153  -37.264  -75.138   -2.285  -42.772   51.269  156.307 -171.406
154   -0.725  -69.308   -2.151  -53.249   51.487  -81.579  168.996
155  -41.846  -98.269   -4.491  -38.960   47.529    5.488  162.382
156   -1.588  -96.702  -15.848  -38.989   42.473    8.222  173.329
157    6.507  -74.819  -20.578  -39.267   63.419   39.368 -176.640
158    3.057  -73.928   -1.609  -41.298   39.746  147.900 -167.658
159  -29.899  -72.040  -15.992  -45.835   79.382 -102.039 -171.686
160    9.151  -80.951   -7.111  -28.046   52.600  -25.004 -178.302
161  -19.739  -53.219  -20.385  -36.383   44.807 -122.258  172.578
162  -37.758 -107.899   -6.069  -42.494   50.502  -98.540  176.114
163   21.212  -66.733  -12.862  -51.519   38.106  -52.006  168.838
164   -2.421  -75.241    1.900  -37.626   50.840   19.994 -168.886
165   26.700  -57.254   -6.841  -24.242    9.538  141.903 -179.132
166   19.676  -64.535   -5.328  -32.691   37.885 -130.552 -172.166
167   -0.123  -59.781   -5.400  -49.778    0.190  154.589  171.547
168  -20.526  -58.290  -16.481  -22.682   14.505 -116.519  178.708
169  -28.399  -79.525  -11.753  -39.713  -30.853   40.543 -177.985
170    8.262  -48.340   -6.316  -34.135   -9.269  -18.349 -171.159
171   23.330  -61.394    2.272  -47.096  -27.242  138.344  176.654
172   -6.072  -60.136  -39.070   -5.834  -20.089   68.821 -164.108
173    7.731  -74.793  -15.408  -40.726    6.387  -10.837  176.960
174    8.498  -62.327  -16.912  -33.958  -18.071  137.933 -177.375
175    1.011  -67.099   -6.950  -27.161  -23.907   49.363  155.138
176   13.806  -71.222   -8.490  -40.552   -3.021  156.900 -170.229
177  -16.807  -65.409  -18.734  -50.641  -31.985  117.058 -173.576
178    0.892  -87.695  -15.067  -29.218  -14.026  147.389 -176.212
179   -2.179  -64.005  -26.762  -28.088   37.935  -29.745 -164.091
180  -15.709  -54.144  -31.739  -31.591   44.630   11.046  177.095
181    2.517  -60.534  -12.393  -37.924    9.995   -5.223  175.381
182  -30.755  -53.412    4.424  -38.442   38.167   -2.604 -174.608
183   18.362  -56.982   -7.788  -56.324   18.938   64.353 -176.918
184   12.957  -69.587   -9.811  -33.406   11.904  144.794 -158.247
185    4.365  -64.151    0.789  -34.601   48.717  -96.754 -165.086
186   16.722  -59.907   -5.406  -46.076   41.244   14.738  175.125
187  -12.019  -53.418  -35.695  -25.023   39.032   44.325 -169.130
188    3.860  -56.610  -25.425  -32.896   51.537   46.660  166.609
189  -25.337  -72.996   13.173  -41.218   51.477 -122.617  174.147
190   11.352  -57.978  -22.418  -36.918   22.511    7.001 -174.700
191    8.905  -52.770    6.802  -36.742    4.990   79.505  176.691
192   10.726  -44.933  -19.557  -42.657   16.592  169.210 -171.419
193   16.997  -66.292    4.692  -36.988   54.864 -103.323 -177.690
194  -12.815  -49.320  -15.850  -23.758   43.050   27.976  178.581
195    6.323  -59.924   -2.975  -32.280   55.411  170.648 -177.785
196   25.116  -54.142  -22.581  -32.813   31.849  -10.833 -170.318
197  -30.923  -67.016  -24.901  -22.286   34.663 -172.681  173.389
198    2.449  -75.971  -14.562  -34.024   41.239   44.100  176.406
199   -1.328  -57.453  -42.313  -18.601   43.388  -10.393  177.379
200   -1.920  -52.551  -28.847  -37.610   45.180 -178.892 -175.927
201  -26.726  -64.149  -16.867  -41.683   44.630    6.628 -174.866
202    1.599  -63.439  -21.735  -45.523   13.071  -29.227  173.605
203  -15.925  -95.885  -24.146  -23.196    3.693  102.909 -172.569
204   -5.257  -56.339   -3.002  -42.640   45.861   32.879 -178.563
205  -25.247  -72.277   -4.663  -33.118   19.342  100.277 -172.338
206   -4.243  -60.127  -14.806  -43.261   52.411   -0.129 -168.796
207  -32.724 -108.411   -1.720  -41.213   23.193  107.526 -168.870
208   -3.112  -63.998  -15.691  -41.325   37.808  139.391 -177.936
209    3.692  -53.013  -18.398  -22.807   45.093 -171.040  179.661
210  -41.473 -106.049  -13.282  -44.101  -33.482   73.189 -161.357
211   -2.854  -65.429  -19.551  -27.682   11.797  175.184 -179.381
212   13.684  -61.481   -9.484  -27.975  122.563  -21.322  168.246
213    8.535  -64.096  -12.228  -25.907 -177.244  162.881 -174.058
214   -4.918  -58.818  -10.587  -36.105 -161.195  139.407  165.201
215   -7.709  -63.289  -12.409  -43.358  142.589  177.967  174.461
216   -5.156  -60.851    3.516  -46.483 -178.643  -86.544  166.088
217   -1.763  -69.942    0.829  -44.168  131.682  133.706 -174.969
218   -8.212  -78.402   -1.427  -49.576  133.128 -177.831 -172.248
219  -16.079  -69.947  -21.310  -36.841  131.716  -96.517 -172.010
220    2.006  -57.014  -10.972  -32.033   52.164   10.488  170.496
221  -11.816  -76.205   -6.652  -31.066   44.408   15.365  175.136
222  -19.275  -73.403  -16.207  -16.989   35.747  -13.558  174.847
223  -21.562  -63.193  -17.923  -35.735   21.389   83.282 -166.947
224  -11.310  -80.065   -0.933  -42.123   20.033   -3.855  176.624
225    6.577  -81.171   -4.799  -34.371   44.754   11.744  177.372
226   11.153  -66.706  -19.071  -43.483   63.607   -3.536 -170.719
227   -5.384  -58.049  -16.607  -44.447   39.947    3.791  175.535
228   -3.438  -57.579   -9.918  -24.276   51.596  -19.017  172.797
229   -5.597  -72.814   -3.626  -44.880   47.039   50.870  178.425
230  -68.654  -75.340   -5.065  -41.969   17.783   86.609 -177.348
231  -13.680  -55.640   -4.538  -43.340   42.611  -58.558 -158.674
232   -7.184  -69.609  -11.095  -34.173   53.710  -26.402 -167.084
233   -0.934  -48.897  -25.954  -36.231   50.921   13.146  176.061
234   12.846  -60.293  -13.116  -35.367   45.259 -110.792 -174.392
235  -12.493  -68.953   -4.894  -47.785   14.179  -12.856 -174.333
236    7.611  -84.853  -14.911  -41.478   39.877   52.962 -165.400
237   11.655  -77.546  -10.862  -34.697   25.334   80.698 -172.801
238    0.763  -75.910   -5.499  -30.858   38.916  154.997  174.962
239  -21.926  -68.936  -19.597  -29.306   20.241  -16.093 -178.145
240    4.186  -57.922  -32.587  -26.817    8.839  128.729  170.292
241   -6.630  -51.861   -4.942  -42.347   38.585  -12.160  177.668
242   -6.249  -63.296   -7.908  -29.695   54.288  -98.167 -174.524
243    8.653  -82.441    3.253  -36.859  -40.311   47.892 -176.111
244  -10.754  -92.124   -8.557  -48.624   43.130   49.953 -179.840
245  -11.981  -70.869  -17.431  -41.262   41.033   25.386  167.313
246  -12.450  -54.184    0.439  -41.983   45.396  163.753 -174.888
247    1.806  -56.487  -13.074  -35.971   37.698  -59.830 -173.891
248  -24.997  -77.119  -13.397  -36.197   46.812  -59.716 -174.209
249   -7.182  -73.745    4.614  -42.719  -13.718   78.832 -177.302
250  -13.295  -81.730   -3.378  -31.669  -10.052  102.677 -178.883
251  -24.505  -71.671  -22.396  -39.780   35.152  -26.786 -168.844
252  -27.887  -54.850  -35.671  -28.545   40.811 -114.206 -178.285
253    5.065  -57.836   -3.915  -39.953   45.734  -62.443 -173.783
254   17.324  -68.574  -11.302  -24.994   34.617   52.796  176.989
255  -17.631  -44.920   -3.169  -49.929    9.031   99.202  179.617
256   13.924  -68.189  -31.112  -25.817   41.045    6.660 -160.044
257   -9.443  -59.480  -19.463  -36.485   59.689   55.302  177.447
258   11.290  -55.371   -8.949  -33.166   45.583    9.239 -172.506
259    5.744  -67.112   -0.582  -28.797   22.812  125.048  175.581
260  -12.514  -77.902  -18.804  -36.058  -51.963  154.758  172.915
261  -45.224  -71.540   -6.177  -39.817  -24.731   62.284  162.309
262  -18.088  -66.471  -24.828  -17.776   38.238  -24.941  176.388
263   12.574  -48.679  -16.160  -31.092   50.779   11.137  173.710
264   23.023  -52.542  -16.462  -20.766  -27.908 -167.856 -178.610
265    0.932  -52.619   -2.802  -36.587   -0.908   22.876  174.693
266    5.492  -70.442   -0.256  -47.411  -38.774   -1.229 -173.996
267    8.284  -49.034   -3.457  -52.651   50.626  173.254  175.267
268  -10.169  -39.599  -13.920  -18.704   32.522  150.196 -179.381
269    7.439  -81.914    7.048  -38.487  146.082  -32.657  169.942
270  -17.677  -83.777   -1.784  -35.467 -176.466  126.149 -174.464
271    1.486  -58.482  -34.002  -22.284  114.472 -121.797  176.958
272   26.415  -70.459    0.797  -47.490 -177.998  171.667  178.237
273   18.646  -58.837   -7.181  -44.363  123.340  143.641 -174.325
274   -3.126  -70.948  -11.163  -28.270 -161.062  -32.115  164.068
275  -27.289  -43.502   -7.790  -35.383 -170.034  -98.142  173.202
276   -5.823  -64.242   -7.992  -44.189  131.564 -126.751 -167.078
277    4.105  -61.632  -22.124  -28.193  123.657  -20.269  177.276
278   -2.004  -67.911  -17.805  -37.934  126.578  -10.955 -171.717
279    3.340  -48.555  -13.447  -29.631  130.303   84.735 -172.045
280   -8.679  -50.352   -5.966  -50.054  173.607   -9.793 -177.887
281  -12.419  -78.132  -20.793  -37.030 -156.143  -72.719  171.079
282    5.693  -57.018  -25.758  -31.983 -172.797 -104.194 -178.738
283   13.474  -51.543  -14.167  -32.188 -169.885  -96.354 -171.677
284   16.719  -54.537  -18.909  -27.246 -169.197  -59.867  170.364
285   -8.955  -67.669   10.267  -30.731  128.664  162.333 -157.784
286    6.850  -64.069   -7.344  -24.231  124.289 -125.028 -169.626
287    7.989  -52.616    7.642  -40.748  130.349  167.212 -177.696
288  -19.517 -100.337   -7.870  -25.649  144.955  146.187 -168.445
289    4.001  -62.053  -13.752  -35.679  130.000 -120.829 -179.588
290  -15.700  -89.111   -6.871  -19.900  137.952 -127.349 -177.537
291   -9.210  -72.078  -26.758  -30.170  159.709 -110.280  171.453
292  -15.304  -89.489  -32.226  -19.183  134.186  169.025 -156.019
293   -2.803  -69.854  -15.639  -26.315  143.629 -166.629 -179.624
294  -12.259  -62.443  -11.154  -37.840  129.461  165.734 -178.287
295  -41.496  -63.843  -21.560  -32.683  170.589  151.108  170.010
296   10.996  -67.063  -47.009  -25.295 -157.715  154.427 -172.404
297    2.378  -44.128  -59.536    1.015 -163.033  174.226 -169.761
298  -13.238  -60.480  -24.594  -29.786 -171.704  130.702 -177.663
299   29.486  -64.731   -1.733  -29.316  178.510  151.014 -179.985
300    0.413  -64.935  -16.754  -26.462 -176.181  161.583  179.679
301   -6.715  -66.235  -43.177  -11.628 -169.445 -169.130 -175.663
302    8.326  -95.762  -29.179  -26.433 -111.290   63.372  163.384
303  -32.624  -69.623  -21.222  -39.072  -12.924  115.734 -175.856
304   -0.514 -120.736   -6.313  -38.842  -35.679 -172.659  177.097
305   -3.089  -43.712  -24.528  -32.994  -54.765 -171.636 -165.567
306  -39.104  -57.602   -5.324  -82.338  -72.409  176.911  173.928
307  -19.930  -72.453  -27.923  -29.489  -50.864 -159.465 -172.604
308  -25.168  -84.192   -0.730  -46.217  -59.554  142.182  169.985
309  -37.369  -89.801  -14.632  -32.789  -28.341   82.402  175.896
310    4.237  -60.754  -23.499  -10.819  -22.242  128.879  168.968
311   32.840  -50.901   -8.059  -33.835   18.138   90.778 -174.490
312   -8.045  -65.290  -13.343  -31.679  -55.336 -176.732 -164.072
313    8.153  -65.434  -28.587  -17.574  -19.749  142.459 -177.136
314  -15.528  -72.482  -12.666  -31.818  -51.203  166.743  175.670
315   12.302  -62.204  -33.855  -24.191  -54.537  100.419 -173.774
316  -19.817  -86.989  -27.172  -21.861  -57.107 -149.912 -175.736
317  -12.290  -79.403   -3.404  -26.116   34.160   -5.996  170.359
318    6.793  -44.637  -13.028  -45.975  -40.302  142.946 -171.042
319  -19.960  -60.115   -9.869  -41.309  -99.383  105.502  174.313
320  -23.112  -71.663  -14.471  -39.882  -50.538  168.490  176.708
321  -23.329  -68.468  -25.530  -26.194  -69.235 -174.453  179.060
322  -12.824  -71.495  -16.682  -27.600  -60.165  171.572 -169.432
323   13.504  -61.091  -13.405  -33.785  -54.370 -165.226  175.009
324    0.220  -86.781  -26.793  -30.060  -58.178 -116.519  157.036
325   22.667  -67.935  -13.385  -43.575  -39.845 -117.238 -158.894
326    7.282  -77.384   -6.124  -35.929  -44.208 -111.757 -179.170
327    7.138  -59.914    5.352  -42.470  -36.153  164.176  177.744
328  -10.873  -76.861    0.801  -57.573   23.758   -4.219  174.197
329    4.423  -74.582    4.220  -54.940   19.298  112.065  173.665
330   17.899  -52.885  -10.197  -12.428  -32.881 -138.090  164.156
331    3.730  -58.365   -9.484  -42.815   -1.310 -172.335  174.180
332  -19.047  -64.803  -24.428  -19.410    1.734   -2.687  171.248
333  -13.321  -47.272  -14.965  -11.797  -33.217  106.681  168.949
334    9.888  -61.789  -22.493  -28.623   67.732  134.344  167.519
335  -33.480  -60.652  -38.258  -22.655  170.705  -85.428  174.074
336   25.599  -65.440  -52.907   -4.125 -169.792  127.128  178.824
337   29.061  -81.277  -30.012  -11.841  179.102 -136.329  175.383
338   10.242  -64.337  -12.881  -32.740  146.170  -58.583 -167.646
339  -15.561  -79.169  -14.408  -24.514  162.643  -52.715 -179.666
340  -20.086  -71.040  -28.461  -16.711  178.174 -169.836 -168.108
341   -2.376  -65.643  -27.819  -26.697  176.568   17.124  175.441
342  -17.640  -54.044   -7.529  -43.141 -170.048   -9.250 -175.106
343  -27.539  -81.329  -20.499  -15.031 -161.625  133.714 -147.475
344   -9.017  -62.261  -22.049  -23.964 -166.988 -108.123  172.850
345  -26.968  -82.417  -12.762  -34.717  160.027   19.239  166.119
346   -4.188  -76.534    3.614  -67.859  132.198  -98.665 -165.803
347  -12.808  -98.025    3.642  -37.262  127.649   91.413 -169.350
348  -24.427  -80.706   -0.838  -23.587  121.596  -85.758  177.948
349   13.760  -62.943   -4.792  -33.507 -161.093  172.264  179.561
350   -4.824  -62.164  -20.297  -33.062  122.299  179.791  175.512
351  -33.933  -63.677   -0.571  -54.280  159.540  147.745 -175.496
352   -5.913  -73.096  -32.710  -13.327  125.708 -137.782 -174.334
353  -18.887  -80.361  -15.304  -43.008  144.598 -108.528 -168.496
354  -27.844  -57.641  -18.725  -24.934  135.484  148.874  174.871
355  -14.771  -56.715  -22.285  -26.533 -140.227  -93.962  179.671
356   13.700  -26.815   -9.707  -40.589 -157.243  -83.502 -157.033
357  -27.098  -62.314   -9.387  -56.369 -139.515  -98.524 -179.423
358   -0.661  -67.712  -22.089  -29.305 -146.174  -94.517 -153.961
359   26.984  -40.241  -16.226  -38.979 -142.432  -73.043 -163.407
360    7.139  -73.384   -4.313  -50.530 -138.868  -92.142 -146.506
361    7.539  -55.573   -8.851  -44.456 -122.395 -119.591 -168.795
362   13.247  -46.980    9.485  -37.973  159.212  -99.598  174.472
363  -19.185  -56.404   28.604 -134.176 -130.787 -100.808 -161.542
364  -22.071  -84.039  -10.029  -35.010  178.887 -104.924 -173.254
365   11.048  -71.471  -26.590  -27.797 -136.796 -102.276 -164.233
366    1.859  -64.625  -14.176  -41.436  152.921  -62.934 -172.216
367    4.535  -65.674   -5.190  -65.780 -126.151 -111.657 -178.822
368  -15.229  -65.267  -34.238  -24.119 -133.217 -106.185 -175.854
369    0.416  -66.474   -1.061  -50.684 -128.697 -109.793 -155.594
370  -13.650  -76.747   -9.827  -19.523   45.180 -123.627  173.444
371    1.591  -52.155  -22.715  -39.313   61.382   57.875  170.740
372   -6.140  -67.706  -12.725  -44.111   50.357 -121.453 -179.803
373  -14.107  -49.886   -9.039  -31.221   46.786   87.341  167.472
374  -22.690  -76.289  -28.352  -47.257   48.386  -73.292  153.318
375   15.302  -74.113  -13.507  -48.411   51.811    0.745  174.520
376  -45.787  -54.882  -12.808  -33.694  -10.716  131.055 -158.790
377   -3.903  -62.043    1.272  -37.004  -11.495   -2.494  178.098
378  -35.414 -167.873   32.972   32.793  -20.907   46.987 -173.778
379   15.438 -155.314   24.877   27.187  -18.721 -156.878  167.441
380   -2.852  -64.061  -15.539  -48.105   34.879   21.278  174.155
381    2.028  -51.591   11.981  -37.870   -6.975  176.686 -169.518
382   14.431  -49.499  -15.506  -26.993  -36.104   78.646 -172.942
383   15.695  -67.049   -7.666  -29.145   47.481  149.501  179.864
384    7.018  -53.821    5.378  -45.938   41.941 -108.137 -163.926
385  -12.115  -77.549  -12.719  -23.635   41.748  136.927  175.237
386   11.022  -74.653   -9.676  -41.103   26.078   51.917 -155.703
387   -1.358  -35.455  -17.111  -51.883   38.935  149.732 -167.659
388  -21.784  -70.335   -8.555  -34.760   30.917  -14.944 -157.098
389   -2.596  -45.707  -26.110  -27.076   50.019  -30.931 -176.062
390    6.080  -44.282    4.277  -49.636   24.567  -27.280  161.427
391    1.655  -27.497  -33.030  -29.547   29.374  -11.240  172.477
392  -11.411  -59.285  -36.052   -6.082   46.442   16.048  171.445
393    8.605  -44.890   -9.754  -32.944   31.531    4.141 -178.157
394  -15.233  -62.874  -31.145  -24.130   32.021  -24.919 -178.108
395   -4.607  -29.535  -22.109  -32.367   60.399   24.127 -178.638
396   -5.647  -54.742  -16.905  -39.776   47.225   41.454 -177.411
397  -21.700  -62.328  -14.970  -47.155   16.456   33.806  177.460
398   -9.084  -53.802  -26.790  -31.957   33.863    9.296  172.147
399    9.923  -41.807  -23.014  -17.549   46.641    7.447  176.404
400   -4.474  -48.997  -23.703  -34.678   29.249  117.536 -173.169
401   -9.308  -24.621    5.592  -48.901   -6.542    8.207  165.271
402   13.156  -50.947   -2.814  -42.528    3.095  121.586 -165.346
403  -21.809  -64.881   -8.152  -23.787   23.861   27.821  168.715
404  -14.188  -82.709   -5.573  -32.542   14.619 -145.487  179.460
405   -7.676  -35.888  -27.803  -36.780   27.186   -3.051  177.813
406   -8.253  -51.130  -25.447  -33.112   52.854   88.313  179.221
407   24.509  -46.495  -20.020  -22.324   43.962   -1.375 -177.829
408  -15.622  -50.422  -27.938  -36.641   50.359  153.452  169.598
409    6.447  -60.029  -20.783  -27.858   36.380 -170.506  179.761
410   -7.972  -57.796  -28.508  -31.733  132.166  -87.064  174.588
411   -6.820  -59.619  -11.515  -40.842 -149.660  114.223 -175.028
412   -3.584  -82.828   -5.226  -22.728 -138.644   89.241 -178.247
413  -17.100  -62.474  -16.294  -32.386  135.976   19.296  173.583
414  -35.213  -67.051  -35.313  -26.176  -62.126 -101.741  172.541
415    7.363  -58.871  -17.830  -30.051   24.847  133.102 -175.305
416    1.278  -96.119   -7.034  -62.841  -40.683 -175.183 -174.013
417   12.915  -77.157  -13.060  -30.775  -41.582  177.914 -179.579
418   13.577  -66.169  -20.799  -36.096  -40.602  143.016  166.687
419  -20.636 -104.433   -2.965  -45.397  -46.645 -135.531  176.010
420   -4.671  -53.781  -25.944  -18.303  -58.962 -122.191  171.959
421   -6.892  -60.332  -13.952  -25.087  -50.911  173.934 -176.352
422   -1.577  -88.616   13.838  -41.908  -59.533 -160.096  161.452
423    0.531  -60.740  -19.375  -31.427  -48.212 -166.538 -172.270
424  -27.916  -88.027  -10.304  -32.912  -53.648  162.269  177.049
425   13.405  -45.394  -34.815  -16.204  -46.137  143.873 -173.240
426  -11.904  -59.899   -3.984  -26.184    9.791  105.100  179.212
427   10.998  -80.544  -15.968  -26.220  -46.129  163.799  171.436
428    3.854  -81.657    2.286  -31.300  -63.543 -161.495 -154.527
429  -12.472  -75.597   -3.558  -35.315  -59.309 -141.949  158.604
430    7.697  -63.563  -39.610  -12.505   -9.810  166.095  171.560
431  -71.093  -57.333  -37.612  -42.500  -14.109  165.376  176.986
432  -57.744  -76.345  -25.142  -26.075  -18.771  162.608 -179.242
433  -51.323  -64.479  -31.368  -38.766   -5.165  148.003  174.364
434  -12.473  -57.050  -21.288  -25.867  -21.057 -129.387  175.155
435   26.228  -43.152   -4.386  -49.058  -21.263   24.860  166.597
436  -40.412  -79.370  -24.270  -28.820  -31.499   47.521  175.231
437    2.746  -42.017  -21.749  -47.029   49.963   87.610 -162.992
438   -3.607  -46.568   -8.565  -52.335   59.570   39.402 -171.796
439   21.222  -49.644  -23.550  -23.872  -18.365 -113.768 -170.468
440    2.010  -73.546  -15.025  -42.300  -39.665  154.417  158.997
441  -12.058  -63.706  -29.895  -20.333 -163.837  -77.074  175.404
442  -30.800  -63.482   -8.713  -44.054 -160.106 -109.969  175.446
443   -8.112  -54.639  -10.091  -40.299  109.638  -17.005 -171.506
444  -30.399  -82.545   -0.443  -42.912  122.242  179.469 -173.502
445  -30.873  -61.846  -24.758  -23.815  119.523  -98.750  176.679
446  -35.262  -49.681  -13.094  -51.953 -142.938  -35.950  179.096
447   -5.232  -60.896   -7.787  -29.050 -162.810  147.138 -171.492
448  -15.745  -75.283   10.782  -73.003  133.897   -6.798  170.097
449   -9.622  -79.979   -2.032  -56.120  132.262   36.020  179.701
450   20.893  -87.451   -0.479  -28.636  118.359   92.189  177.325
451    4.195  -58.199   -7.170  -34.637  132.052  126.829 -173.511
452  -35.646  -82.826   -6.578  -25.825  111.674  165.553 -175.705
453  -10.962  -69.022  -33.460  -18.038  116.804   50.441  171.664
454  -59.851  -79.833  -37.370  -18.334  146.542 -139.590  177.121
455  -55.942  -56.147  -18.866  -42.602  133.539    5.729  162.241
456  -10.071  -61.675  -44.181   -4.481 -166.209 -111.903  163.003
457  -12.084  -51.373  -28.847  -25.131 -166.526 -169.343 -164.426
458  -39.463  -90.839   -1.343  -44.022  -46.778  176.947  168.257
459    0.972  -69.312  -28.116  -26.614  -55.046   57.100 -178.714
460    6.169  -68.405  -32.359  -20.071 -155.156   70.382 -173.257
461  -22.573  -66.344  -21.161  -25.469  167.149  156.445 -179.844
462    7.248  -50.394  -12.277  -34.397  145.853  167.620  173.530
463   15.068  -55.475  -24.838  -17.546  131.342  135.265 -172.120
464  -25.661  -77.552  -27.300  -35.207  128.042 -177.334 -172.560
465  -24.256  -64.760  -11.833  -47.242  159.602 -144.230 -178.399
466    9.347  -58.599  -20.073  -32.635  141.530  170.415 -170.326
467  -28.001  -58.062  -16.666  -48.213  125.578   55.996 -176.715
468   -1.897  -81.100   -5.793  -53.538  135.102 -100.386  148.813
469  -43.511  -43.346   20.317 -110.455 -171.003 -166.125 -177.391
470  -19.889  -62.430  -10.850  -37.820  130.472  146.010  177.442
471  -16.344  -42.606   21.447 -151.730  147.101  -96.855 -179.753
472  -19.411  -48.056   35.004 -146.053  154.230 -122.442  176.966
473  -10.496  -34.682   42.347 -168.069 -129.915  -88.379 -156.955
474  -12.538  -61.401  -12.177  -27.343 -125.799  158.579  173.263
475   -9.971  -75.794  -12.858  -35.776 -131.596  -99.405  171.919
476  -18.594  -44.895  -21.009  -48.800  141.333 -128.439  175.209
477  -24.184  -67.167   -1.930  -40.611 -166.934 -121.887 -173.700
478  -29.205  -91.227  -17.312  -51.010  123.059   35.977  173.821
479  -13.573  -53.188  -22.609  -40.886  105.323   11.313  179.087
480   -5.442  -59.145   -2.585  -58.514   85.970  148.582 -153.927
481   -5.835  -65.629   -7.390  -40.176  138.165  163.865 -179.080
482   -0.617  -79.556   -7.692  -53.117  143.888   -4.900  174.376
483   -6.513  -56.362  -17.779  -41.012  137.392  -61.942  177.311
484   -8.374  -57.288  -13.527  -31.744 -156.086  131.143  173.601
485   -6.771  -74.433  -11.010  -47.126  141.156   91.972  174.874
486   16.872  -68.466  -22.165  -17.594  172.802  -33.390 -178.475
487  -19.076  -55.480  -26.713  -32.117  123.390 -145.740 -176.103
488  -11.322  -50.661  -20.583  -39.808  141.107   26.617 -176.549
489  -11.332  -82.521   -3.428  -25.711  130.688 -125.700 -171.703
490   19.226  -62.301  -20.426  -26.748  129.693  158.312  166.324
491   -2.186  -57.924  -28.032  -16.341  128.892   -5.325 -179.118
492    8.867  -49.404  -12.698  -42.900  124.029  149.798  175.224
493  -18.516  -70.928   -9.386  -33.549  115.410  159.879 -172.701
494  -18.657  -82.635   -9.246  -42.473  142.889  139.201 -168.687
495  -22.526  -67.733  -23.702  -30.914  162.488  148.566 -176.869
496  -29.880  -53.836   20.658 -120.828   22.765   41.034 -169.592
497  -25.561 -139.194   73.417   33.635   15.736  -18.232  171.988
498   -3.595  -74.800  -14.979  -35.049  121.423   69.799 -165.064
499  -48.364  -60.552   -1.232  -70.722   43.684  -99.830 -171.802
500  -13.112  -60.676  -16.996  -44.311   35.790 -139.082  167.227
501  -34.851  -92.192  -13.085  -38.438   36.403  173.129 -170.330
502    0.200  -11.229  -22.808  -40.520  -31.770  143.497  174.579
503    1.449  -51.431  -17.438  -32.676   55.565  152.002  173.084
504   -6.133  -68.022  -20.389  -37.382   40.721 -126.140  161.676
505   -1.058  -75.394  -13.505  -26.990   35.780   74.082 -178.259
506  -33.552  -38.039  -47.787  -35.625   47.056  154.771 -178.452
507  -26.123  -77.856  -62.370   -8.757   32.573  117.224 -167.209
508  -43.413  -50.072   23.043 -144.657   25.106   16.792  168.714
509  -11.036  -56.146  -47.617  -11.951   26.721   68.767  169.884
510   -1.720  -26.945  -70.092   -5.999   37.151  -34.950 -170.724
511    7.594  -44.517  -31.540  -22.610   25.034   28.244  179.229
512  -18.743  -73.705  -12.591  -35.544   58.071  -53.818  175.925
513  -11.541  -57.511    8.098  -49.305   33.340 -135.221 -178.691
514  -26.094  -72.923  -12.217  -55.057   40.482   44.365 -169.466
515    4.981  -47.506   -3.608  -70.376   27.395   82.543 -179.933
516  -24.059  -73.920   -3.357  -42.504   26.744  -18.588 -179.665
517   10.554  -54.752  -31.253  -32.295  -32.450   84.067 -170.167
518  -10.487  -47.154  -14.402  -56.345  -55.446  159.551  178.081
519   10.479  -64.705  -24.493  -25.692  -32.383   66.585  179.480
520  -30.180  -62.366  -27.691  -25.746 -135.746 -159.930  168.840
521   20.067  -55.049  -33.339  -22.627 -121.655 -150.126  176.817
522   -6.389  -77.658   -8.169  -42.263 -134.110 -116.396 -175.351
523   -4.795  -63.491   -6.007  -38.943  177.287  -99.134  168.541
524  -25.342  -51.140  -15.341  -33.052 -117.631 -171.254  171.903
525  -22.708  -66.968  -15.238  -55.042  178.587 -134.987  176.002
526  -34.535  -97.661  -11.238  -37.686  138.125  116.825  167.552
527  -11.567  -62.606  -21.555  -34.378  136.753   -2.809  172.273
528  -13.865  -77.975  -21.737  -26.607 -137.426  -94.054 -169.128
529    8.098  -88.926   -9.167  -26.699 -116.934 -112.175 -172.365
530    0.873  -49.224  -32.876  -41.781  147.922  -59.512 -165.392
531   23.247  -87.231  -19.915  -27.239 -135.720  -88.983 -150.187
532  -50.847  -80.915   -9.752  -46.897  175.760  -72.418 -176.164
533  -27.673  -56.456  -24.964  -43.484 -124.677 -115.577 -151.933
534   10.430  -70.729  -21.487  -44.191  -21.151  119.107  178.075
535  -21.651  -90.907   -4.354  -31.907  -27.283   76.667 -178.654
536  -25.958  -48.930   18.255 -119.435  -48.766  158.578  169.485
537  -28.374  -63.202   -7.204  -67.465   44.975  -18.448 -177.682
538  -28.943  -52.943  -14.974  -37.514   12.603  177.765  162.416
539   -3.127  -75.410  -14.856  -36.385   53.799   70.316  169.119
540   13.419  -63.957   26.526 -104.509   13.525   78.722  177.639
541  -32.831  -90.757  -34.458  -19.191   17.122   67.070  177.825
542   -9.326  -90.772   -8.187  -30.927   37.783  -19.377 -166.663
543    2.929  -56.744  -43.050  -21.744  -15.037   87.185  158.359
544   -3.325  -55.609  -31.420  -43.006  -11.449  110.439  177.419
545   -9.811  -63.047   -4.178  -41.850  -31.679   64.731  178.328
546    0.371  -47.601   10.069  -55.358  -27.202   83.592  171.033
547    8.599  -54.015  -16.671  -50.912   15.674  109.694  165.787
548  -17.632  -73.729  -11.409  -47.567   40.833  -10.799 -178.152
549  -13.734  -53.308  -12.860  -45.501   17.056  -74.476  177.653
550  -25.450  -59.606  -15.236  -49.293    7.577   -7.126  167.777
551    5.227  -38.135  -10.958  -44.774   21.804   -6.622  179.109
552    8.270  -64.091  -11.330  -32.985   34.607 -117.550  177.741
553   -0.442  -67.628  -24.824  -26.870   49.419    5.580  177.840
554   -5.896  -53.497   -5.454  -39.350   40.816   32.486 -176.841
555  -23.390  -63.257  -42.476   -6.099   47.275 -173.096 -161.447
556  -13.679  -63.126  -17.831  -40.270  -14.599  102.228 -175.769
557  -40.462  -39.110   31.592 -157.188  -23.542  128.362 -172.310
558   -9.663  -41.709  -32.194  -40.708  -61.698  147.087  178.115
559   -6.990  -55.767  -25.992  -24.509  -60.190  150.378 -176.718
560   10.617  -53.619  -13.442  -39.683   -8.823   89.175  177.521
561   -3.598  -65.232  -13.218  -35.162  -27.274   84.884 -178.397
562   -3.690  -63.286  -17.572  -30.092  -59.542  168.797  176.071
563   -7.395  -66.353   -6.446  -48.447  -11.950   78.611  165.307
564  -29.040 -100.238   -2.217  -43.657  -49.396  -76.504  179.135
565  -10.075 -111.876   10.196  -40.330  -48.329 -173.207  174.280
566  -11.001  -93.540  -14.548  -43.968  -32.717 -178.885  164.709
567  -13.054  -97.330  -11.816  -50.549  -37.548 -122.363 -168.515
568  -16.417  -92.852    3.624  -33.742  -39.778 -141.618  173.805
569    1.517  -84.062  -19.356  -30.769  -41.608 -156.638  171.546
570    1.842  -76.535  -25.681  -28.677  -32.778  129.345  174.028
571    0.836  -58.803   -9.049  -36.583  -70.167 -105.218  175.497
572   17.043  -74.761  -12.674  -21.890  -19.913  -15.852 -160.265
573    1.190  -84.190   -7.876  -23.134   14.389   39.043  172.462
574  -22.304 -102.753   -7.787  -31.629  -13.711  148.312  178.002
575   12.312  -72.931  -13.419  -25.925  -23.898   74.896 -176.077
576   -5.711  -69.737    1.547  -45.391   -4.882   43.994  169.850
577    5.335  -57.914   -6.442  -32.896  -36.220   17.112  168.341
578  -12.356  -51.435  -43.922  -24.624  -22.803 -158.699  167.312
579   -6.963  -69.329  -29.850  -31.196  -27.293   37.624 -173.912
580  -27.860  -39.711  -18.411  -42.570  -21.144 -174.568  179.715
581  -11.086  -58.079   -7.426  -54.654  -20.117   -2.327  162.831
582    9.723  -61.199  -15.643  -36.644  -20.245   -7.170 -179.657
583   -1.149  -64.904  -24.385  -42.802   51.185 -109.154  176.163
584    9.660  -49.640    0.355  -25.444  -29.150   12.542 -166.375
585   -4.082  -88.071  -14.498  -31.832  -34.666  167.661 -173.948
586   -0.738  -69.755  -21.617  -38.871   15.456   79.059  178.361
587  -10.032  -76.688   -4.637  -43.234  -25.382   84.475 -179.845
588   -2.588  -57.102  -23.442  -34.393  -27.432   61.997  169.374
589  -15.565  -99.528   17.193  -41.136   56.869  145.082 -173.126
590   12.828  -67.480  -14.880  -34.663   -4.953  -95.596 -165.113
591   -3.099  -71.198    5.027  -36.222  -19.581 -172.196 -174.519
592   -0.738  -60.390  -12.923  -42.678   -1.979  129.885  174.428
593  -16.935  -57.454   -8.120  -51.578   15.888   -1.774  178.962
594    7.949  -43.961  -33.593  -19.575  -40.233   31.570 -168.944
595   -8.891  -46.676  -23.249  -33.884  -20.934   -1.209 -174.532
596  -36.466  -57.165    6.451  -49.297    0.203  -94.051  170.105
597  -36.257  -84.083  -19.744  -30.038   61.300    2.630 -177.392
598  -39.962  -76.489  -16.747  -40.461   67.061   39.108  159.778
599  -33.379  -78.423  -36.818  -38.019  -28.265  -41.148 -176.758
600  -26.922  -57.837  -13.116  -46.851  -36.434  156.226 -177.857
601  -29.838  -92.783   -1.947  -45.301  -20.170   -8.544 -168.118
602  -35.958  -87.707  -15.101  -33.837  -28.083 -169.788 -174.093
603  -11.257  -48.959  -20.968  -25.463  -30.189   35.363  164.316
604   19.515  -74.573  -22.329  -32.149  -35.571  -25.165 -166.152
605   28.198  -50.900  -17.076  -21.121  -22.721 -166.026  166.286
606    8.478  -41.852  -17.078  -49.396   65.843  158.043  178.545
607  -13.360  -78.895  -27.066  -23.820  -23.306  -15.964  175.081
608   -9.848  -66.319  -40.853   -9.157  -35.212  -10.145  179.341
609  -43.923  -67.627   -3.579  -62.757  -32.776   14.353 -173.961
610  -23.279  -58.701  -35.881  -42.052  -17.725   81.706 -179.262
611   -7.311  -86.631    2.866  -47.265  -25.672  -14.729 -174.775
612  -18.815  -45.530  -27.445  -41.420  -26.467  108.339 -168.764
613  -14.538 -111.027   -0.816  -40.811  -10.829   66.780  174.942
614    3.666  -58.064  -26.030  -36.261   52.671  150.013  179.031
615  -20.567  -59.659  -26.378  -44.893  -19.279  -79.923 -161.065
616  -20.213  -54.193  -28.617  -32.802  -24.347   12.829 -177.779
617  -37.080  -66.309  -24.573  -29.054  -27.758  100.556 -177.409
618  -21.175  -72.980   -2.384  -34.240  -21.874  150.314 -179.657
619   -1.938  -66.634   -4.370  -45.544  -16.338  108.574  172.082
620    9.374  -75.955   -8.297  -23.022  -20.320   14.324  175.330
621  -21.001  -90.535  -19.271  -32.290  -23.812    6.451 -174.487
622  -12.059  -88.310   -8.462  -47.942  -18.209 -115.574 -161.989
623  -22.474  -53.476  -11.994  -56.625  -23.669    5.094 -172.948
624  -21.701  -83.834  -13.122  -26.690  -19.111   -9.474 -174.002
625  -52.279  -63.652   -4.908  -55.662   35.627   54.685  177.571
626    3.619  -87.429   -5.756  -31.048   35.889   72.350  176.425
627    0.589  -76.260   -7.741  -40.073   28.238   45.582  172.390
628    7.964  -46.362  -12.488  -38.012   40.138  -49.960  166.484
629  -24.809 -109.675  -13.015  -36.566  -23.463   57.548  164.009
630   -5.413  -48.243  -14.251  -33.959  -42.418  -24.093  164.252
631  -37.485  -78.667  -14.105  -47.822   55.430  151.684 -166.901
632   -4.855  -61.350  -18.934  -31.760   27.184   68.450  166.932
633   26.399  -59.716  -21.299  -23.217   43.884   15.573  171.069
634   -1.831  -44.940   -7.182  -49.568   -0.503   92.915  171.748
635   -9.357  -60.878   -9.709  -37.267   34.739   82.109 -171.780
636  -11.701  -58.385  -27.463  -36.521    3.156  126.827  176.880
637   -1.140  -51.497  -12.807  -27.813   14.205  112.103  162.803
638    5.676  -62.535    1.090  -52.869   23.414  101.290  179.691
639   -2.841  -72.011  -28.151  -24.253   45.888  -86.916 -175.090
640    3.600  -66.657  -20.798  -15.152   31.792  -60.131 -167.567
641    3.571  -40.004    3.982  -59.770   49.420   -0.609 -177.163
642  -31.797  -75.544  -19.935  -43.631   14.716    5.038 -177.011
643  -26.274  -33.644  -28.425  -34.660   42.212  -22.119 -167.235
644   -3.336  -54.614  -22.120  -32.661   53.614  -72.691  179.785
645  -18.815  -76.554  -37.114  -12.895   44.804    4.985 -171.707
646    2.907  -56.605  -15.022  -32.638   38.348   10.019  179.418
647   -1.129  -69.728  -17.027  -40.149   42.573   -4.958 -166.961
648    3.952  -42.362   -9.851  -28.120   59.873  -35.417 -176.404
649    9.700  -54.385    1.305  -29.886   27.891  151.017  179.098
650   -5.096  -74.345  -13.019  -40.807   40.208   77.005 -179.390
651    1.985  -72.459  -25.264  -51.628   40.962  171.340 -175.810
652    1.042  -48.510   -8.272  -49.818   22.729  151.028 -169.515
653  -18.845  -81.590  -10.626  -31.075   43.381 -113.052  171.774
654    5.648  -66.855   -0.019  -45.745    0.597  -24.568 -178.903
655   -0.688  -65.282   -8.813  -35.777   35.449   89.827  161.384
656    8.354  -60.780  -19.749  -41.807    8.249  -94.376 -172.669
657  -13.399 -110.494    3.401  -45.322   22.017   97.529  175.538
658   12.214  -65.941  -29.959  -40.846   40.967  137.301 -179.938
659  -16.083  -67.305   -7.566  -38.909   24.622   96.831  179.633
660   10.098  -62.091    6.056  -49.840   30.877    6.027  164.357
661    8.302  -77.782   16.691  -56.864   52.132    3.720  179.848
662    4.024  -61.214   14.401  -64.998   35.665  174.552 -162.740
663  -30.727  -94.924   -4.748  -30.552   48.807   63.096  168.590
664  -20.748  -68.159  -21.754  -29.526   45.149  -89.201 -171.011
665   -5.119  -78.743    4.028  -43.902   43.877  138.565  172.438
666    1.489  -67.690   -7.142  -35.779   22.601   62.147 -179.415
667  -32.063  -93.886  -26.496  -31.683   46.554   -3.387 -177.508
668    4.512  -38.503  -14.319  -48.536   18.337  -21.626  175.573
669    9.177  -41.018  -15.912  -48.291   20.690  168.601 -179.199
670   11.395  -38.190   -1.464  -54.363   43.315  -23.780  174.649
671    4.059  -44.537  -22.881  -40.601   37.712  -15.582  173.628
672    6.603  -51.456  -24.188  -45.931   -5.890   11.497  171.556
673   13.336  -75.571    1.415  -29.048   59.812    1.409 -170.110
674  -14.756  -65.577    4.975  -51.955    2.588  102.269  161.667
675  -15.568  -65.520   -5.423  -61.001    4.232   70.534 -172.859
676   -0.453 -102.443  -27.212  -24.096   58.495   -5.447  179.908
677   12.121  -43.216    1.876  -44.256    7.137    5.576 -176.206
678   -6.915  -42.605   -9.502  -54.080   11.072  138.366 -174.305
679    3.661  -54.809  -17.062  -38.630   10.531   17.919  179.687
680   11.780  -58.193  -19.008  -20.563   56.496  -79.595  178.084
681   24.047  -79.682  -16.108  -17.687   38.781   82.205  171.102
682   13.970  -51.789  -11.486  -37.402   21.311   63.721 -155.309
683   11.248  -64.271  -10.944  -27.484   28.458   46.562 -175.292
684    5.780  -77.665  -23.276  -36.734  -25.437   68.541  177.772
685   12.630  -67.286  -14.195  -42.277   50.892   53.607  170.804
686  -16.408  -58.629   -4.867  -45.966   43.200    9.902 -174.556
687   10.607  -62.949  -24.947  -23.689   29.936   -3.670 -161.093
688    3.138  -76.528  -12.934  -32.372   41.164   45.716 -168.683
689   34.460  -61.125  -10.766  -28.176   17.235    1.113 -178.496
690    3.451  -75.166   -9.972  -36.643   19.497  107.368 -177.042
691    5.048  -56.659   -6.193  -22.735   36.475  -33.469 -169.751
692    1.043  -65.398    0.409  -43.310   25.641  -56.081 -179.849
693   -5.541  -95.738  -12.174  -32.326   46.479   19.075 -174.024
694   -1.839  -55.812   -7.313  -33.578   49.840   99.806 -153.664
695  -22.104  -86.592  -17.075  -31.806    7.524   -4.336  165.149
696    6.948  -39.357  -34.465  -20.482   40.762  -66.217  177.672
697   -6.747  -58.792  -25.152  -20.597   30.666  162.562  174.201
698  -16.606  -71.946   -3.586  -39.134   47.906   21.198 -170.228
699   -3.077  -33.571  -12.796  -46.742   42.373   24.864  169.394
700   -7.938  -47.559   -2.847  -38.023   50.360 -114.284  178.563
701   14.539  -66.179  -14.964  -30.188 -151.670  -98.261 -170.577
702   -3.637  -49.800  -25.467  -22.952   35.973  -84.915  179.380
703   -5.041  -55.501   -4.698  -18.082   44.415   -2.464  164.235
704   16.172  -52.059  -17.290  -36.845   43.762  -34.912 -177.834
705   -4.625  -64.544   -0.617  -34.916   55.063  149.768  156.487
706   11.456  -56.610  -17.797  -26.677   26.714  -23.177 -176.823
707  -10.281  -52.950   -6.175  -35.950   41.973  -40.947  175.172
708   13.059  -71.552  -12.773  -47.113   21.427   74.739  157.956
709    2.519  -75.190  -21.408  -22.791   43.236  -29.141 -167.789
710   14.302  -61.319  -15.173  -35.024  -10.669   -5.416 -175.639
711   14.308  -51.767  -12.013  -37.300  -16.532   52.176 -173.233
712  -32.021  -59.712  -33.992  -31.386  -37.375   32.944  174.588
713   15.045  -91.188  -19.351  -18.586  -18.597  -97.773  174.806
714   12.504  -59.518    1.787  -32.695  -37.633   -2.813 -173.335
715    0.372  -54.755  -18.416  -37.225  -17.953   31.795 -176.899
716  -17.085  -68.211    2.628  -40.031  -39.903  -12.489  159.235
717  -36.351 -104.423   14.348  -40.477   41.862  -91.090  176.160
718  -31.205  -68.758  -13.612  -30.391   45.479   50.167  160.732
719   -7.632  -99.393   -2.481  -46.508   49.151 -101.227 -166.464
720   12.603  -63.782   -8.400  -29.683  123.549  130.187  158.572
721    1.258  -48.712   -5.561  -36.748  111.249  169.985  171.149
722    2.428  -60.554    8.837  -45.309 -156.332  162.732  179.156
723    2.906  -60.014    0.615  -41.368  122.686  168.306  172.332
724  -11.697  -52.456  -26.097  -22.102  126.854    3.100  178.687
725  -20.943  -84.532   -5.325  -27.456  126.216  -89.088  176.104
726  -25.697 -110.245   -4.392  -43.471  131.886 -126.418 -174.350
727   -8.434 -107.578  -15.582  -48.034  154.082 -127.158 -177.900
728   -4.940  -64.665  -24.833  -29.750  128.252    0.497 -173.920
729  -24.430  -59.285  -23.581  -42.048  125.549 -143.544 -164.939
730    7.940  -71.991   -6.420  -25.799  132.533   77.161 -166.225
731   -4.801  -57.482  -13.861  -40.922  171.584 -115.817 -170.932
732    4.113  -39.711   -4.957  -43.309  177.642  177.424 -165.935
733    5.648  -58.021  -14.064  -29.935  115.111   81.703  177.623
734   10.578  -61.614   -8.207  -36.712  118.600 -109.570 -170.804
735   11.855  -69.582    1.579  -33.119  125.434    6.908  179.178
736  -16.337  -95.747  -12.980  -28.812  150.279  126.418  168.576
737   24.533  -58.972   -9.931  -26.376  116.015  141.584 -170.482
738   -6.540  -64.213  -12.605  -23.129 -143.354 -129.916  163.938
739   19.559  -48.753  -35.255  -32.144 -154.797  -61.033  171.531
740  -37.564  -72.653  -41.850   -9.291 -178.745   -8.621  174.427
741  -21.639  -81.759    3.153  -25.661 -168.298  177.295 -171.356
742   -2.015  -49.210  -11.575  -27.125 -131.021 -101.069 -170.966
743   -6.662  -74.185  -29.503  -25.826  119.514  155.397 -172.882
744    4.060  -48.452  -22.909  -30.757  137.009  -13.181 -160.244
745  -12.363  -63.487    6.064  -45.477  158.239  -89.868 -166.691
746  -16.010  -89.765  -10.445  -48.829  115.123  -23.817 -170.976
747   27.803  -38.176    2.050  -49.146 -164.616  161.866 -173.432
748    2.121  -59.729   -6.947  -44.665  129.571   49.360  172.262
749   -7.445  -68.413  -24.527  -24.540  118.046    2.921  179.258
750   11.121  -68.366    3.677  -46.257  174.530  112.922 -174.861
751  -27.812 -108.274  -20.838  -44.094  135.362 -111.330 -164.937
752    9.369  -83.328   -7.700  -42.661  132.893  149.472  170.422
753   15.572  -64.898  -26.501  -38.409  126.057 -153.977  177.363
754  -16.824  -64.478  -24.874  -46.596 -165.517  106.513 -170.698
755   18.528  -75.782  -12.483  -30.217  142.014   88.809 -163.956
756  -16.002  -52.755  -48.279    3.875  139.724   43.569 -175.771
757  -12.684  -76.553   -8.464  -35.529  138.550   61.636 -171.901
758   10.550  -67.588    6.944  -55.088  124.910 -107.467  176.141
759   24.044  -67.905    5.943  -37.020  127.595   16.824 -170.605
760    8.471  -56.821  -27.456  -37.530  140.141  160.494  173.430
761  -26.011  -69.328  -15.602  -46.537  135.307 -177.548  164.536
762    1.030  -55.516   -3.736  -48.005  143.999 -143.549 -174.430
763   -0.389  -46.103   -3.879  -56.528  149.952  165.417  169.913
764    3.363  -55.103   -7.165  -49.152  131.661  126.887  174.115
765   -5.136  -71.262   -7.287  -37.731  125.242  165.184 -163.482
766    4.941  -51.026  -16.144  -26.376  136.504 -139.279  168.021
767    2.036  -71.476  -11.842  -24.137  121.487 -124.707  169.591
768   -4.283  -75.144   -4.228  -28.982 -159.230  -67.772 -179.718
769  -12.603  -58.741  -27.354  -22.093  113.092  176.437 -179.246
770   -6.826  -59.408  -16.931  -35.979  168.353  166.263 -172.878
771  -15.756  -71.111    2.271  -37.567  121.494 -145.883 -166.153
772   -5.026  -72.963  -12.259  -43.963 -164.387  167.920 -179.434
773    9.575  -70.873  -29.570  -17.452 -177.245  -91.874  179.103
774   33.895  -64.955  -12.998  -35.739 -159.342  -37.767  168.088
775    5.724  -56.586   -7.628  -34.326 -168.267  -60.943  177.254
776   10.886  -58.756  -11.315  -30.257 -160.060  167.156  173.300
777   -0.694  -67.995  -15.695  -41.577 -157.763  154.679 -158.466
778    3.553  -80.213  -15.913  -35.779 -156.007   25.426 -177.484
779   31.445 -105.388   -1.084  -39.298  120.337  149.753  166.156
780  -37.046 -104.146   -2.867  -50.882 -172.813  145.941  177.744
781  -23.528  -91.048  -24.475  -43.578  155.915 -160.383 -179.598
782  -14.103  -75.292  -38.427  -25.493  136.739   13.119  171.567
783    6.224  -48.386  -11.370  -20.416  120.435 -132.813  179.860
784   23.729  -69.148   -1.615  -40.258 -170.188   40.739 -176.291
785   -9.162  -49.589  -23.688  -37.556  137.818    2.771 -179.180
786    1.362  -67.420  -15.849  -42.898  -37.549  142.951 -179.100
787   -9.725  -55.854  -11.714  -37.174  131.617 -123.140 -174.343
788  -10.359  -72.038   -4.057  -33.388  148.051 -131.515 -177.921
789   -2.129  -55.841  -11.668  -28.250  139.013  177.876  170.519
790  -45.653  -67.000  -15.203  -31.265  112.885 -139.016 -163.966
791   -5.353  -66.222  -11.704  -40.378  118.900  -90.716 -177.088
792   -3.598  -58.259    4.622  -51.287  129.464  -98.600 -176.963
793  -10.630  -56.807  -12.488  -45.909 -173.624  138.147  166.468
794  -10.957  -52.730  -26.297  -35.833 -173.426  -36.072 -179.435
795  -37.187  -96.621  -23.828  -24.494 -154.045  164.045 -171.266
796    0.853  -48.981   -7.075  -62.757 -165.015 -112.910 -178.190
797   -4.164  -67.695  -11.392  -31.523 -167.651  -82.020  178.453
798    8.668  -69.943  -16.788  -33.597  177.090  162.677  175.765
799  -22.205  -81.071    3.381  -50.768   97.934  153.466  175.671
800  -10.980  -63.473  -11.826  -29.582  126.616 -164.163  179.193
801  -19.712  -63.964  -13.403  -34.553  137.256 -129.430 -176.049
802  -23.370  -75.007    1.087  -48.819  141.404 -116.097  169.525
803   21.760  -81.161  -22.561  -24.533 -175.031  170.842 -175.409
804    7.809  -76.317  -19.312  -44.223  114.690   98.731  178.957
805  -25.142  -62.982  -22.773  -37.646 -161.045  -32.712 -177.556
806  -13.877  -59.164  -29.059  -21.567 -167.035 -142.011  177.096
807    9.505  -77.495    3.127  -59.580  128.218 -103.408  179.705
808   -2.248  -56.447   -7.938  -47.265  142.804  -17.099 -171.401
809   10.392  -57.124   -4.746  -40.257  138.318 -132.296 -165.396
810   10.739  -43.624  -20.233  -34.734  124.311  150.612  161.451
811    1.512  -58.841   -5.347  -50.647 -170.539  155.944  174.853
812   -4.853  -80.459    0.044  -43.140  128.491   96.613  176.231
813  -41.937  -86.272  -18.951  -26.069  125.305 -119.645  154.360
814   16.952  -65.948  -30.718  -31.513 -149.861 -112.492  160.693
815  -43.133  -90.073   -9.374  -40.272 -166.097 -179.223 -176.745
816   -7.259  -79.442  -22.986  -14.777 -166.739  161.302 -172.723
817   13.963  -63.915   -6.777  -47.339 -168.020  163.116 -167.153
818   13.912  -46.804  -15.645  -27.803  128.064  126.372 -175.273
819  -38.725  -72.288  -21.415  -28.645  145.577  128.775 -173.673
820    4.948  -42.618  -17.919  -39.555  132.823    1.180 -168.722
821   -0.937  -71.972   -2.360  -47.665  124.298 -170.290  158.798
822  -33.468  -64.038  -12.886  -23.764  172.004  -77.478  179.471
823  -22.000  -47.930  -29.972  -22.357  107.947  -21.969 -172.536
824   -9.692  -62.164   -9.928  -31.264  167.517  157.283 -168.411
825  -21.684  -64.550   -5.487  -38.638 -152.577 -174.980  169.924
826  -22.269  -65.624  -18.015  -31.238  134.981  124.855 -173.773
827  -18.778 -111.191  -17.358  -31.477  143.702   -2.210 -177.092
828  -14.804  -81.354   -3.180  -29.836 -167.532  -38.014  179.089
829  -10.383  -76.107    7.984  -47.292  132.389  -23.218 -164.529
830    8.060  -73.827   -9.745  -51.621  120.758    8.535  163.427
831   -2.269  -73.812  -14.556  -37.029 -144.131 -107.396 -162.218
832    0.880  -94.264    8.548  -45.730  179.599 -138.071 -163.335
833   12.469  -44.363  -18.460  -24.880  123.544  142.961 -170.808
834  -18.997  -63.290  -27.830  -39.004 -167.837  129.081 -171.057
835  -14.664 -103.487  -13.063  -39.653 -160.887  127.050 -167.296
836    0.935  -66.376   -8.846  -43.821  117.741 -103.786  178.847
837   20.498  -57.862  -12.993  -43.748 -162.827  -99.484  178.785
838    4.513  -52.782  -12.399  -42.839 -162.189 -102.728 -178.611
839   -2.670  -49.241   -8.852  -31.160  114.497  -92.919 -178.973
840   17.352  -79.570   -4.526  -38.539  101.337   73.346  178.336
841   -9.278  -47.456   -4.787  -56.720  135.685  148.025  177.684
842  -18.759  -59.578  -17.022  -44.869  127.089 -131.332 -171.680
843  -81.000  -52.179    3.209 -103.417 -177.607  137.984 -177.330
844    0.553  -79.738  -10.957  -29.057  123.472 -127.516  175.206
845   -2.843  -70.118  -12.267  -36.156  145.843 -100.169 -174.556
846  -33.485  -80.771   -8.654  -60.993   67.922   51.743  169.885
847    7.279  -58.211  -10.295  -34.794  179.127  -95.837  166.763
848    9.405  -77.633  -22.436  -36.508  133.908  -10.224 -171.049
849   -9.274  -42.115  -38.232  -22.089  125.041    0.445  175.035
850  -17.655  -80.234   -5.563  -41.158  151.254   -1.297 -179.765
851  -73.033  -85.414  -15.745  -60.442  112.318  179.801  176.274
852  -15.921 -111.673   -3.244  -32.342  127.953  153.224 -176.788
853  -51.573  -83.454  -22.229  -42.632  124.829   32.679  178.451
854  -21.009  -67.570  -25.398  -38.101  117.792 -125.066 -166.152
855   -2.502  -84.153   -4.688  -50.394  138.202 -140.368  176.826
856   -0.659  -45.335   -9.897  -36.215  120.755  -52.251  176.510
857  -50.847  -71.480  -17.777  -34.998  165.027 -106.866 -170.023
858  -30.546  -74.141  -26.788  -28.259  130.212 -113.788  178.915
859    0.158  -64.070    0.352  -31.746  136.313 -135.504 -161.072
860   14.290  -69.084  -12.999  -27.991 -165.490  -77.229  176.161
861   -9.716  -68.498  -20.118  -49.532   97.848  -57.864 -175.064
862    3.705  -46.911    4.700  -51.254   26.224  155.812  175.657
863  -16.048  -47.061  -40.285  -18.738   41.430   -3.080  160.341
864  -44.293  -67.907  -29.934  -42.553  -30.629    7.143  171.522
865   13.050  -44.612  -23.849  -29.744  -23.199   10.107  170.582
866  -10.914  -66.435  -20.762  -29.168  -24.817   33.018 -175.098
867  -17.917  -59.261  -23.737  -46.072  -12.439   76.763 -165.383
868  -14.657  -71.606  -31.407  -18.735  -16.479 -110.610 -179.642
869  -38.284  -79.008  -16.632  -36.827  -17.428  128.335  171.595
870  -11.979  -83.919   -9.480  -42.479  -22.003   58.712 -176.615
871  -12.042  -69.621  -25.126  -27.270   -7.114  149.868  168.933
872  -53.199  -66.629  -15.955  -35.951   46.754  149.774  172.334
873    1.000  -56.778   -3.247  -39.925  -50.149  -58.081  174.427
874    8.459  -36.441  -19.251  -31.434  -29.203  -19.577 -176.327
875   26.195  -72.023  -25.002  -17.064  -42.350  -29.987  170.473
876    7.522  -77.774  -14.427  -14.068   56.769   35.737 -174.257
877    9.753  -38.677  -30.535  -19.596  -19.393   61.666  157.284
878  -38.901  -98.455    0.614  -41.394  -19.142   29.464  164.963
879  -16.102  -50.104   -5.428  -39.356  -28.067  -11.029 -174.374
880   15.788  -67.695  -34.275  -19.805   82.386 -101.612 -175.741
881   19.565  -73.888   -7.073   -7.243  -26.552  107.468 -173.794
882  -21.527  -55.277  -24.007  -31.493   -5.604   -3.264 -166.060
883   -6.916 -119.133  -10.695  -31.285  -10.668  133.224 -171.338
884  -12.766  -90.149  -10.090  -33.956  -27.104 -101.538  169.173
885   -4.948  -58.983   -9.348  -34.993  -22.728   45.405 -177.989
886    5.991  -83.440  -39.881  -37.202  -17.423 -172.110 -173.202
887   -6.859  -55.263  -16.620  -41.105  -15.735  166.115 -177.632
888    3.722  -72.917  -11.562  -38.696  -38.447   17.309 -168.319
889   16.478  -46.519  -22.854  -25.455  -27.997  -85.073 -173.919
890    9.259  -72.169  -16.861  -26.586    3.621   31.297  177.695
891   -1.994  -73.970  -42.858  -33.741   -9.593  -25.732  171.786
892  -16.915  -57.746  -23.441  -35.057  -24.299 -168.274 -159.882
893    7.736  -37.155   33.916 -142.403   -2.166    6.838  164.086
894  -15.770  -68.777  -36.532  -20.768  -10.169   20.591  169.175
895 -141.581 -118.510  -28.258  -29.601   12.818 -130.513 -176.992
896 -152.426  -54.069   16.939 -149.059 -117.827 -115.999  173.537
897 -172.836  -80.042   29.088 -136.611 -137.996 -115.234 -163.920
898  176.990  -60.891  -25.727  -47.657 -104.240  152.706  177.608
899 -138.919  -69.824  -11.494  -68.981  175.430  -82.289 -179.409
900 -170.212  -81.306  -18.286  -50.571  131.236   97.756 -165.699
901 -179.109    0.178   14.353 -134.040 -161.051   87.229  176.381
902 -174.224   -9.783   10.543 -146.561  146.286  -11.315 -170.438
903 -171.213    4.312   30.294 -146.813 -130.053  117.739  177.157
904 -166.795    6.132   -1.782 -134.523 -138.610  112.603  171.266
905 -166.610    2.003   11.334 -152.076 -133.195 -110.990 -171.306
906 -159.403  -10.101    4.483 -107.035   12.197 -128.547  175.215
907 -131.973    3.374   17.295 -147.037   -8.829  167.618 -170.727
908 -157.325    2.027    6.011 -150.088  -20.160  -75.965 -177.130
909 -162.573  -30.882   17.221 -137.861  -32.924   57.539  171.591
910  -22.082    2.706    6.602 -127.114  -10.899 -106.849  175.195
911 -167.607   -8.827   22.520 -141.393  -24.405  174.992 -169.775
912  174.404   21.355    5.117 -139.486  -29.199  -92.033 -172.263
913 -152.872   -2.785   -0.830 -103.843  -16.640  159.457 -175.504
914  168.570  -15.035   22.167 -142.875  -23.419   48.018  179.632
915  166.038    6.125   14.024 -136.377  -33.183   -4.748  169.794
916  151.914    4.189   11.740 -132.155  -47.448   57.889  177.465
917 -176.548    5.381   23.784 -148.493  -25.159 -107.053  176.703
918 -143.907   -1.738   -4.682 -130.090  -18.384  -16.837 -167.519
919 -170.943   -3.472   37.145 -155.877  -25.804  171.252  178.275
920 -173.234  -11.839   14.371 -131.854   -8.394  168.967  172.945
921  169.319   -0.081    0.769  -84.039  -26.009    1.314  171.955
922  165.958   -1.385   11.110 -147.461  -17.434   -8.464  175.682
923 -164.381   -1.804   19.570 -140.134   -5.624  144.266  158.695
924  174.150   10.270   25.958 -143.054   -3.556   59.045  175.636
925  169.596   15.546   27.900 -147.239   41.189 -108.974  175.318
926  173.350   16.501   27.830 -148.118    3.790   41.462 -174.462
927 -162.879   14.445    9.812 -125.219    0.865   10.315  174.722
928 -143.499    4.782   32.862 -139.715   72.002   -1.773  159.741
929  177.454   -9.960   23.802 -132.701   -6.998   -6.531 -172.108
930 -152.079  -12.149   30.657 -140.475  -14.967   15.206  168.758
931 -172.909  -21.477   33.901 -157.064  -27.104 -124.137  169.236
932  172.453    8.169   -1.887 -145.543   65.351  174.047  165.981
933  179.355   18.522   13.830 -145.599  -23.876  172.505 -162.382
934  172.261    1.558   16.348 -144.501  -20.587 -179.983 -171.111
935  165.658   12.590   17.717 -130.460   51.909  172.078  179.863
936  175.522   28.922   -5.832 -136.645  -17.709 -111.083  179.818
937 -178.845   14.329   15.012 -123.809  -29.192 -178.148  177.453
938 -179.612   17.213   36.328 -159.174  -10.641 -153.300  162.448
939 -170.938    3.846    8.749 -145.962   36.201  146.710  174.179
940  177.846   -0.077   16.565 -138.858   45.740  -86.630  163.258
941  162.397   10.609   29.506 -141.962    2.231  160.841 -171.785
942  148.956    9.478    0.705 -157.047  -15.105  -11.966 -166.495
943 -177.058  -25.681   16.664 -144.534  -42.312  161.610  171.383
944  148.242   16.905    9.607 -140.062 -142.206  141.971  173.828
945 -166.741    5.944   34.478 -159.084 -150.234   28.375 -167.530
946 -172.291   13.551    3.465 -137.551  128.576 -122.330  176.584
947  172.489   14.353   15.174 -145.945  144.878   79.297 -174.359
948  177.983    5.957   34.214 -151.176 -127.012   15.077  176.828
949 -162.620    3.838   15.016 -149.252  -15.524 -169.710  174.767
950  157.952   -0.614   12.428 -138.714  -15.452 -124.097 -173.417
951 -176.135   37.883    9.350 -116.541  -31.066   56.353 -173.135
952 -170.387   12.081   23.350 -143.690   -8.729  177.944  173.216
953  156.983    5.729   13.953 -132.485  -30.640 -105.189 -165.533
954  159.447   27.033    3.531 -126.844  162.302  -78.089 -177.420
955  156.204   36.923   15.356 -146.757 -132.319 -106.769  166.219
956 -177.967   19.478   41.849 -170.268  -15.092  -78.563 -156.670
957  157.175   32.698   14.739 -150.369    5.467    0.358  175.509
958 -167.902   -7.877   20.868 -129.260   69.224  -57.664 -176.983
959 -172.460   18.303    3.986 -130.927   22.515 -166.020  175.632
960 -173.115   66.677  -21.128  -20.248  -21.958  -56.919  169.326
961  169.457   21.965   33.453 -147.401 -126.739 -116.370 -179.990
962  165.481    7.151   14.696 -159.634 -103.848 -166.867  179.178
963  177.599   13.615    6.945 -131.352 -145.664 -102.088  171.321
964  177.918    8.089   -8.793 -135.192 -117.449  -88.271 -179.838
965  169.272   16.875   17.424 -155.619   -2.707 -117.903  172.230
966 -169.253   35.414   25.286 -143.234   39.624   20.796  170.777
967 -165.295    1.587    0.678 -133.615   24.210   -0.284  179.302
968 -168.745  -19.793   17.464 -136.016    9.964  -13.353 -176.382
969  170.019   13.819    1.346 -132.758   -9.584  -94.544  165.204
970 -172.194   -5.076   26.613 -145.532  158.828  144.076 -169.312
971 -166.475   -4.822    3.233 -124.604  163.110 -103.976 -172.164
972  166.972   21.071   28.344 -125.825 -145.295  101.566 -174.965
973 -174.326   -3.178    5.504 -130.475 -154.759  177.865 -176.602
974 -149.164   -0.980   18.871 -143.496 -153.594 -128.968  174.134
975  -34.638  -45.180  -24.564  -38.681 -155.190 -111.253 -161.201
976  -33.542  -84.280   -3.476  -44.490 -169.932  145.950  179.947
977  -29.926  -96.637  -15.333  -31.430  129.117  -11.527 -176.409
978   -6.214  -79.439    0.695  -37.822  128.200 -147.348 -167.775
979  -20.237  -67.345  -20.742  -34.656  130.800   91.206  170.912
980    6.080  -52.514  -10.632  -47.522  139.949 -123.226 -179.058
981   -6.373  -62.926   -9.833  -39.499  138.897   98.666  176.640
982  -15.056  -52.345   -5.626  -49.228   86.845 -110.860  172.015
983   14.448  -65.464   -1.124  -35.980  170.949 -163.203  175.393
984  -33.862  -73.711   -6.334  -40.501  126.049 -109.626  169.417
985  -19.720  -80.910  -29.001  -40.529  130.145   13.192  175.023
986  -31.100  -80.012  -14.268  -42.193  135.585   17.131  175.420
987  -23.361  -95.223  -26.365  -34.342  141.795   52.466 -174.650
988   -3.652 -104.632  -16.312  -45.546  147.644  124.841 -168.629
989 -173.417  -52.564   24.444 -130.296 -164.302   -3.731 -177.805
990  -57.647  -66.232   14.790 -119.364 -171.090   -1.969  175.778
991  -12.755  -51.011   19.158 -118.258  133.674    8.918 -175.620
992  -24.038  -51.412  -12.131  -40.737  124.989  111.234  169.473
993  -19.815  -48.584  -22.440  -41.142  124.455  176.440  176.925
994  -37.908  -58.670  -10.691  -43.052  106.082 -108.536  178.719
995  -13.696  -57.594  -24.348  -38.010  145.833 -131.291 -179.241
996   18.243  -66.441  -16.324  -33.084  137.501  139.453 -177.755
997  -32.161  -92.293   -2.246  -41.138  132.913  -14.610 -179.131
998   13.716  -84.885  -27.396  -17.513  152.125    5.409 -179.855
999  -23.607  -86.455  -43.023  -20.228 -172.924   95.168 -172.461
1000  -35.112  -69.134  -16.844  -36.658 -162.144  126.565 -170.853
1001  -21.950  -69.196   -9.391  -38.288 -165.639  125.656  172.369
